#Convergence for sin300 using Jacobi Iteration
10 0.240967504711049
10 0.240967504711049
20 0.084333015446107
20 0.084333015446107
30 0.045734546385694
30 0.045734546385694
40 0.029642238771092
40 0.029642238771092
50 0.021178527846801
50 0.021178527846801
60 0.016092037117046
60 0.016092037117046
70 0.012757222317829
70 0.012757222317829
80 0.010432356463977
80 0.010432356463977
90 0.008735743738757
90 0.008735743738757
100 0.007453037884229
100 0.007453037884229
110 0.006455501525490
110 0.006455501525490
120 0.005661678228983
120 0.005661678228983
130 0.005017767762645
130 0.005017767762645
140 0.004486921407084
140 0.004486921407084
150 0.004043196443005
150 0.004043196443005
160 0.003667821465345
160 0.003667821465345
170 0.003346916157406
170 0.003346916157406
180 0.003070032199557
180 0.003070032199557
190 0.002829160354029
190 0.002829160354029
200 0.002618072488281
200 0.002618072488281
210 0.002431863374661
210 0.002431863374661
220 0.002266606094601
220 0.002266606094601
230 0.002119153673849
230 0.002119153673849
240 0.001986934034803
240 0.001986934034803
250 0.001867823577688
250 0.001867823577688
260 0.001760088211112
260 0.001760088211112
270 0.001662251317570
270 0.001662251317570
280 0.001573095073106
280 0.001573095073106
290 0.001491573613455
290 0.001491573613455
300 0.001416807510640
300 0.001416807510640
310 0.001348035650490
310 0.001348035650490
320 0.001284608149405
320 0.001284608149405
330 0.001225965526594
330 0.001225965526594
340 0.001171611260045
340 0.001171611260045
350 0.001121123221365
350 0.001121123221365
360 0.001074124378685
360 0.001074124378685
370 0.001030292833576
370 0.001030292833576
380 0.000989331152168
380 0.000989331152168
390 0.000950989039586
390 0.000950989039586
400 0.000915033953689
400 0.000915033953689
410 0.000881264842158
410 0.000881264842158
420 0.000849501030730
420 0.000849501030730
430 0.000819579202247
430 0.000819579202247
440 0.000791354101639
440 0.000791354101639
450 0.000764691699667
450 0.000764691699667
460 0.000739476705788
460 0.000739476705788
470 0.000715600243276
470 0.000715600243276
480 0.000692967460054
480 0.000692967460054
490 0.000671486438139
490 0.000671486438139
500 0.000651079492854
500 0.000651079492854
510 0.000631669545895
510 0.000631669545895
520 0.000613194343502
520 0.000613194343502
530 0.000595589453533
530 0.000595589453533
540 0.000578797085352
540 0.000578797085352
550 0.000562770468806
550 0.000562770468806
560 0.000547458176412
560 0.000547458176412
570 0.000532816175311
570 0.000532816175311
580 0.000518806975534
580 0.000518806975534
590 0.000505390232334
590 0.000505390232334
600 0.000492534147265
600 0.000492534147265
610 0.000480205971550
610 0.000480205971550
620 0.000468372926975
620 0.000468372926975
630 0.000457010320233
630 0.000457010320233
640 0.000446093750088
640 0.000446093750088
650 0.000435595422530
650 0.000435595422530
660 0.000425496867655
660 0.000425496867655
670 0.000415775429087
670 0.000415775429087
680 0.000406411719572
680 0.000406411719572
690 0.000397387562832
690 0.000397387562832
700 0.000388687574416
700 0.000388687574416
710 0.000380292096008
710 0.000380292096008
720 0.000372191183235
720 0.000372191183235
730 0.000364367075690
730 0.000364367075690
740 0.000356808511419
740 0.000356808511419
750 0.000349500525980
750 0.000349500525980
760 0.000342436314487
760 0.000342436314487
770 0.000335599752138
770 0.000335599752138
780 0.000328983844156
780 0.000328983844156
790 0.000322577485593
790 0.000322577485593
800 0.000316373111132
800 0.000316373111132
810 0.000310359927749
810 0.000310359927749
820 0.000304530484664
820 0.000304530484664
830 0.000298878477159
830 0.000298878477159
840 0.000293394119590
840 0.000293394119590
850 0.000288071944003
850 0.000288071944003
860 0.000282904589116
860 0.000282904589116
870 0.000277888072732
870 0.000277888072732
880 0.000273013298429
880 0.000273013298429
890 0.000268276758316
890 0.000268276758316
900 0.000263671082823
900 0.000263671082823
910 0.000259192860700
910 0.000259192860700
920 0.000254836654935
920 0.000254836654935
930 0.000250599139189
930 0.000250599139189
940 0.000246474610548
940 0.000246474610548
950 0.000242457320539
950 0.000242457320539
960 0.000238548463242
960 0.000238548463242
970 0.000234736651969
970 0.000234736651969
980 0.000231026345096
980 0.000231026345096
990 0.000227408242872
990 0.000227408242872
1000 0.000223882170435
1000 0.000223882170435
1010 0.000220443581378
1010 0.000220443581378
1020 0.000217089116996
1020 0.000217089116996
1030 0.000213816677818
1030 0.000213816677818
1040 0.000210623079617
1040 0.000210623079617
1050 0.000207506418218
1050 0.000207506418218
1060 0.000204465289397
1060 0.000204465289397
1070 0.000201493403544
1070 0.000201493403544
1080 0.000198590795233
1080 0.000198590795233
1090 0.000195756020551
1090 0.000195756020551
1100 0.000192986010256
1100 0.000192986010256
1110 0.000190277903506
1110 0.000190277903506
1120 0.000187630851126
1120 0.000187630851126
1130 0.000185044497800
1130 0.000185044497800
1140 0.000182513831449
1140 0.000182513831449
1150 0.000180037647478
1150 0.000180037647478
1160 0.000177617076695
1160 0.000177617076695
1170 0.000175248447991
1170 0.000175248447991
1180 0.000172929483588
1180 0.000172929483588
1190 0.000170659171828
1190 0.000170659171828
1200 0.000168437409340
1200 0.000168437409340
1210 0.000166261538823
1210 0.000166261538823
1220 0.000164130940193
1220 0.000164130940193
1230 0.000162042770887
1230 0.000162042770887
1240 0.000159998388834
1240 0.000159998388834
1250 0.000157995129060
1250 0.000157995129060
1260 0.000156031840665
1260 0.000156031840665
1270 0.000154107402543
1270 0.000154107402543
1280 0.000152220237336
1280 0.000152220237336
1290 0.000150370669411
1290 0.000150370669411
1300 0.000148556947620
1300 0.000148556947620
1310 0.000146777639466
1310 0.000146777639466
1320 0.000145032508226
1320 0.000145032508226
1330 0.000143321152113
1330 0.000143321152113
1340 0.000141641454650
1340 0.000141641454650
1350 0.000139993972955
1350 0.000139993972955
1360 0.000138375070525
1360 0.000138375070525
1370 0.000136786868180
1370 0.000136786868180
1380 0.000135228221217
1380 0.000135228221217
1390 0.000133697971498
1390 0.000133697971498
1400 0.000132194812328
1400 0.000132194812328
1410 0.000130718038725
1410 0.000130718038725
1420 0.000129268633284
1420 0.000129268633284
1430 0.000127844378201
1430 0.000127844378201
1440 0.000126444982878
1440 0.000126444982878
1450 0.000125070296157
1450 0.000125070296157
1460 0.000123718778847
1460 0.000123718778847
1470 0.000122390404032
1470 0.000122390404032
1480 0.000121085094611
1480 0.000121085094611
1490 0.000119802475372
1490 0.000119802475372
1500 0.000118540814330
1500 0.000118540814330
1510 0.000117300023741
1510 0.000117300023741
1520 0.000116080439685
1520 0.000116080439685
1530 0.000114880672310
1530 0.000114880672310
1540 0.000113699976855
1540 0.000113699976855
1550 0.000112539624239
1550 0.000112539624239
1560 0.000111397979475
1560 0.000111397979475
1570 0.000110274138721
1570 0.000110274138721
1580 0.000109168641904
1580 0.000109168641904
1590 0.000108080837287
1590 0.000108080837287
1600 0.000107009922460
1600 0.000107009922460
1610 0.000105955403344
1610 0.000105955403344
1620 0.000104918185920
1620 0.000104918185920
1630 0.000103896551374
1630 0.000103896551374
1640 0.000102890768182
1640 0.000102890768182
1650 0.000101900681303
1650 0.000101900681303
1660 0.000100925922487
1660 0.000100925922487
1670 0.000099964844167
1670 0.000099964844167
1680 0.000099019437124
1680 0.000099019437124
1690 0.000098086958669
1690 0.000098086958669
1700 0.000097169781210
1700 0.000097169781210
1710 0.000096265230574
1710 0.000096265230574
1720 0.000095374007182
1720 0.000095374007182
1730 0.000094496173965
1730 0.000094496173965
1740 0.000093631149646
1740 0.000093631149646
1750 0.000092778180580
1750 0.000092778180580
1760 0.000091937814417
1760 0.000091937814417
1770 0.000091109679484
1770 0.000091109679484
1780 0.000090292379317
1780 0.000090292379317
1790 0.000089487408528
1790 0.000089487408528
1800 0.000088694485061
1800 0.000088694485061
1810 0.000087911168445
1810 0.000087911168445
1820 0.000087139989142
1820 0.000087139989142
1830 0.000086378393071
1830 0.000086378393071
1840 0.000085628374195
1840 0.000085628374195
1850 0.000084887918718
1850 0.000084887918718
1860 0.000084157224365
1860 0.000084157224365
1870 0.000083437464739
1870 0.000083437464739
1880 0.000082726901597
1880 0.000082726901597
1890 0.000082025788920
1890 0.000082025788920
1900 0.000081334335299
1900 0.000081334335299
1910 0.000080651244438
1910 0.000080651244438
1920 0.000079978032590
1920 0.000079978032590
1930 0.000079313478889
1930 0.000079313478889
1940 0.000078657735142
1940 0.000078657735142
1950 0.000078009996598
1950 0.000078009996598
1960 0.000077371333792
1960 0.000077371333792
1970 0.000076740951813
1970 0.000076740951813
1980 0.000076116989155
1980 0.000076116989155
1990 0.000075503010235
1990 0.000075503010235
2000 0.000074896294672
2000 0.000074896294672
2010 0.000074297011751
2010 0.000074297011751
2020 0.000073705465766
2020 0.000073705465766
2030 0.000073120393152
2030 0.000073120393152
2040 0.000072543446718
2040 0.000072543446718
2050 0.000071973368818
2050 0.000071973368818
2060 0.000071410595350
2060 0.000071410595350
2070 0.000070854694530
2070 0.000070854694530
2080 0.000070305652232
2080 0.000070305652232
2090 0.000069762870158
2090 0.000069762870158
2100 0.000069227185506
2100 0.000069227185506
2110 0.000068697836745
2110 0.000068697836745
2120 0.000068174142662
2120 0.000068174142662
2130 0.000067657681965
2130 0.000067657681965
2140 0.000067146617227
2140 0.000067146617227
2150 0.000066641926726
2150 0.000066641926726
2160 0.000066143139019
2160 0.000066143139019
2170 0.000065650108853
2170 0.000065650108853
2180 0.000065162917649
2180 0.000065162917649
2190 0.000064681692501
2190 0.000064681692501
2200 0.000064205279143
2200 0.000064205279143
2210 0.000063734708336
2210 0.000063734708336
2220 0.000063269536849
2220 0.000063269536849
2230 0.000062809707035
2230 0.000062809707035
2240 0.000062355257683
2240 0.000062355257683
2250 0.000061905988691
2250 0.000061905988691
2260 0.000061460945340
2260 0.000061460945340
2270 0.000061022346610
2270 0.000061022346610
2280 0.000060587524522
2280 0.000060587524522
2290 0.000060158077790
2290 0.000060158077790
2300 0.000059732602823
2300 0.000059732602823
2310 0.000059313040435
2310 0.000059313040435
2320 0.000058896977056
2320 0.000058896977056
2330 0.000058486001085
2330 0.000058486001085
2340 0.000058079220484
2340 0.000058079220484
2350 0.000057676903332
2350 0.000057676903332
2360 0.000057278999838
2360 0.000057278999838
2370 0.000056885754084
2370 0.000056885754084
2380 0.000056496426567
2380 0.000056496426567
2390 0.000056111050177
2390 0.000056111050177
2400 0.000055730383016
2400 0.000055730383016
2410 0.000055352925356
2410 0.000055352925356
2420 0.000054980022680
2420 0.000054980022680
2430 0.000054610617929
2430 0.000054610617929
2440 0.000054245791127
2440 0.000054245791127
2450 0.000053883664120
2450 0.000053883664120
2460 0.000053526290694
2460 0.000053526290694
2470 0.000053171849071
2470 0.000053171849071
2480 0.000052821611308
2480 0.000052821611308
2490 0.000052474268549
2490 0.000052474268549
2500 0.000052131481997
2500 0.000052131481997
2510 0.000051791176050
2510 0.000051791176050
2520 0.000051455333491
2520 0.000051455333491
2530 0.000051122139712
2530 0.000051122139712
2540 0.000050792281711
2540 0.000050792281711
2550 0.000050465901882
2550 0.000050465901882
2560 0.000050142537562
2560 0.000050142537562
2570 0.000049822863394
2570 0.000049822863394
2580 0.000049506252869
2580 0.000049506252869
2590 0.000049192595611
2590 0.000049192595611
2600 0.000048882212829
2600 0.000048882212829
2610 0.000048574711205
2610 0.000048574711205
2620 0.000048270230014
2620 0.000048270230014
2630 0.000047968545453
2630 0.000047968545453
2640 0.000047669896293
2640 0.000047669896293
2650 0.000047374056731
2650 0.000047374056731
2660 0.000047081215003
2660 0.000047081215003
2670 0.000046791190930
2670 0.000046791190930
2680 0.000046503857335
2680 0.000046503857335
2690 0.000046218909355
2690 0.000046218909355
2700 0.000045937453769
2700 0.000045937453769
2710 0.000045657837684
2710 0.000045657837684
2720 0.000045381455895
2720 0.000045381455895
2730 0.000045107266711
2730 0.000045107266711
2740 0.000044835870539
2740 0.000044835870539
2750 0.000044566655138
2750 0.000044566655138
2760 0.000044300567943
2760 0.000044300567943
2770 0.000044036727998
2770 0.000044036727998
2780 0.000043774801309
2780 0.000043774801309
2790 0.000043515776781
2790 0.000043515776781
2800 0.000043258896190
2800 0.000043258896190
2810 0.000043004694176
2810 0.000043004694176
2820 0.000042752218659
2820 0.000042752218659
2830 0.000042502495161
2830 0.000042502495161
2840 0.000042254689880
2840 0.000042254689880
2850 0.000042009277869
2850 0.000042009277869
2860 0.000041766309670
2860 0.000041766309670
2870 0.000041525308637
2870 0.000041525308637
2880 0.000041286411828
2880 0.000041286411828
2890 0.000041049532607
2890 0.000041049532607
2900 0.000040814912686
2900 0.000040814912686
2910 0.000040582122287
2910 0.000040582122287
2920 0.000040351629418
2920 0.000040351629418
2930 0.000040123043337
2930 0.000040123043337
2940 0.000039896349930
2940 0.000039896349930
2950 0.000039671930892
2950 0.000039671930892
2960 0.000039449330358
2960 0.000039449330358
2970 0.000039228601461
2970 0.000039228601461
2980 0.000039009744661
2980 0.000039009744661
2990 0.000038792681215
2990 0.000038792681215
3000 0.000038577301232
3000 0.000038577301232
3010 0.000038364082966
3010 0.000038364082966
3020 0.000038152881583
3020 0.000038152881583
3030 0.000037943082432
3030 0.000037943082432
3040 0.000037735383644
3040 0.000037735383644
3050 0.000037528796389
3050 0.000037528796389
3060 0.000037324870581
3060 0.000037324870581
3070 0.000037121787543
3070 0.000037121787543
3080 0.000036920746771
3080 0.000036920746771
3090 0.000036721589443
3090 0.000036721589443
3100 0.000036523572979
3100 0.000036523572979
3110 0.000036327572134
3110 0.000036327572134
3120 0.000036133067933
3120 0.000036133067933
3130 0.000035940366636
3130 0.000035940366636
3140 0.000035748868195
3140 0.000035748868195
3150 0.000035559116521
3150 0.000035559116521
3160 0.000035371048064
3160 0.000035371048064
3170 0.000035184349122
3170 0.000035184349122
3180 0.000034999300062
3180 0.000034999300062
3190 0.000034815691193
3190 0.000034815691193
3200 0.000034633568756
3200 0.000034633568756
3210 0.000034452731406
3210 0.000034452731406
3220 0.000034273275793
3220 0.000034273275793
3230 0.000034095537348
3230 0.000034095537348
3240 0.000033918691357
3240 0.000033918691357
3250 0.000033744150645
3250 0.000033744150645
3260 0.000033570090665
3260 0.000033570090665
3270 0.000033397870127
3270 0.000033397870127
3280 0.000033226925048
3280 0.000033226925048
3290 0.000033057273983
3290 0.000033057273983
3300 0.000032888829509
3300 0.000032888829509
3310 0.000032721971267
3310 0.000032721971267
3320 0.000032556090778
3320 0.000032556090778
3330 0.000032391993923
3330 0.000032391993923
3340 0.000032228587104
3340 0.000032228587104
3350 0.000032066715070
3350 0.000032066715070
3360 0.000031906206987
3360 0.000031906206987
3370 0.000031746614630
3370 0.000031746614630
3380 0.000031588318618
3380 0.000031588318618
3390 0.000031431414397
3390 0.000031431414397
3400 0.000031275570099
3400 0.000031275570099
3410 0.000031120993504
3410 0.000031120993504
3420 0.000030967348749
3420 0.000030967348749
3430 0.000030814988867
3430 0.000030814988867
3440 0.000030663970803
3440 0.000030663970803
3450 0.000030513735695
3450 0.000030513735695
3460 0.000030364614590
3460 0.000030364614590
3470 0.000030216803506
3470 0.000030216803506
3480 0.000030070393108
3480 0.000030070393108
3490 0.000029924326368
3490 0.000029924326368
3500 0.000029779836569
3500 0.000029779836569
3510 0.000029636363318
3510 0.000029636363318
3520 0.000029493785700
3520 0.000029493785700
3530 0.000029352316865
3530 0.000029352316865
3540 0.000029211952529
3540 0.000029211952529
3550 0.000029072464160
3550 0.000029072464160
3560 0.000028934185731
3560 0.000028934185731
3570 0.000028796940355
3570 0.000028796940355
3580 0.000028660432282
3580 0.000028660432282
3590 0.000028524797454
3590 0.000028524797454
3600 0.000028390781029
3600 0.000028390781029
3610 0.000028256938595
3610 0.000028256938595
3620 0.000028124561723
3620 0.000028124561723
3630 0.000027993055550
3630 0.000027993055550
3640 0.000027862017383
3640 0.000027862017383
3650 0.000027732461138
3650 0.000027732461138
3660 0.000027603712704
3660 0.000027603712704
3670 0.000027475592770
3670 0.000027475592770
3680 0.000027348794206
3680 0.000027348794206
3690 0.000027222375405
3690 0.000027222375405
3700 0.000027097360812
3700 0.000027097360812
3710 0.000026973043281
3710 0.000026973043281
3720 0.000026849284808
3720 0.000026849284808
3730 0.000026726789179
3730 0.000026726789179
3740 0.000026604834656
3740 0.000026604834656
3750 0.000026484144761
3750 0.000026484144761
3760 0.000026364045994
3760 0.000026364045994
3770 0.000026244527338
3770 0.000026244527338
3780 0.000026125933888
3780 0.000026125933888
3790 0.000026008417061
3790 0.000026008417061
3800 0.000025891460490
3800 0.000025891460490
3810 0.000025775426542
3810 0.000025775426542
3820 0.000025659935146
3820 0.000025659935146
3830 0.000025545406672
3830 0.000025545406672
3840 0.000025431691114
3840 0.000025431691114
3850 0.000025318871808
3850 0.000025318871808
3860 0.000025206677773
3860 0.000025206677773
3870 0.000025094973143
3870 0.000025094973143
3880 0.000024984324264
3880 0.000024984324264
3890 0.000024873976336
3890 0.000024873976336
3900 0.000024764969715
3900 0.000024764969715
3910 0.000024656305809
3910 0.000024656305809
3920 0.000024548598162
3920 0.000024548598162
3930 0.000024441492893
3930 0.000024441492893
3940 0.000024335062350
3940 0.000024335062350
3950 0.000024229224439
3950 0.000024229224439
3960 0.000024124222806
3960 0.000024124222806
3970 0.000024019642059
3970 0.000024019642059
3980 0.000023916347450
3980 0.000023916347450
3990 0.000023813196508
3990 0.000023813196508
4000 0.000023710628970
4000 0.000023710628970
4010 0.000023609173836
4010 0.000023609173836
4020 0.000023508095824
4020 0.000023508095824
4030 0.000023407743280
4030 0.000023407743280
4040 0.000023307853996
4040 0.000023307853996
4050 0.000023208745156
4050 0.000023208745156
4060 0.000023110466331
4060 0.000023110466331
4070 0.000023012682902
4070 0.000023012682902
4080 0.000022915399819
4080 0.000022915399819
4090 0.000022818688858
4090 0.000022818688858
4100 0.000022722932100
4100 0.000022722932100
4110 0.000022627481958
4110 0.000022627481958
4120 0.000022532751917
4120 0.000022532751917
4130 0.000022438297695
4130 0.000022438297695
4140 0.000022344953787
4140 0.000022344953787
4150 0.000022251940292
4150 0.000022251940292
4160 0.000022159220444
4160 0.000022159220444
4170 0.000022067523184
4170 0.000022067523184
4180 0.000021976395823
4180 0.000021976395823
4190 0.000021885615845
4190 0.000021885615845
4200 0.000021795618642
4200 0.000021795618642
4210 0.000021705929936
4210 0.000021705929936
4220 0.000021616579604
4220 0.000021616579604
4230 0.000021528503562
4230 0.000021528503562
4240 0.000021440275192
4240 0.000021440275192
4250 0.000021352998636
4250 0.000021352998636
4260 0.000021265999689
4260 0.000021265999689
4270 0.000021179839795
4270 0.000021179839795
4280 0.000021093781359
4280 0.000021093781359
4290 0.000021008536458
4290 0.000021008536458
4300 0.000020923669455
4300 0.000020923669455
4310 0.000020839684900
4310 0.000020839684900
4320 0.000020755598768
4320 0.000020755598768
4330 0.000020672419601
4330 0.000020672419601
4340 0.000020589598276
4340 0.000020589598276
4350 0.000020507320346
4350 0.000020507320346
4360 0.000020425512574
4360 0.000020425512574
4370 0.000020344092984
4370 0.000020344092984
4380 0.000020263411581
4380 0.000020263411581
4390 0.000020183305048
4390 0.000020183305048
4400 0.000020103349509
4400 0.000020103349509
4410 0.000020023955373
4410 0.000020023955373
4420 0.000019944904746
4420 0.000019944904746
4430 0.000019866462607
4430 0.000019866462607
4440 0.000019788375552
4440 0.000019788375552
4450 0.000019710937481
4450 0.000019710937481
4460 0.000019633789103
4460 0.000019633789103
4470 0.000019556916108
4470 0.000019556916108
4480 0.000019481073972
4480 0.000019481073972
4490 0.000019405121895
4490 0.000019405121895
4500 0.000019329848895
4500 0.000019329848895
4510 0.000019254886511
4510 0.000019254886511
4520 0.000019180488172
4520 0.000019180488172
4530 0.000019106429550
4530 0.000019106429550
4540 0.000019032912874
4540 0.000019032912874
4550 0.000018959492119
4550 0.000018959492119
4560 0.000018887005291
4560 0.000018887005291
4570 0.000018814429039
4570 0.000018814429039
4580 0.000018742765329
4580 0.000018742765329
4590 0.000018671126210
4590 0.000018671126210
4600 0.000018600066569
4600 0.000018600066569
4610 0.000018529143553
4610 0.000018529143553
4620 0.000018458998789
4620 0.000018458998789
4630 0.000018389184764
4630 0.000018389184764
4640 0.000018319570132
4640 0.000018319570132
4650 0.000018250250521
4650 0.000018250250521
4660 0.000018181643314
4660 0.000018181643314
4670 0.000018113068856
4670 0.000018113068856
4680 0.000018045075316
4680 0.000018045075316
4690 0.000017977729446
4690 0.000017977729446
4700 0.000017910275828
4700 0.000017910275828
4710 0.000017843475242
4710 0.000017843475242
4720 0.000017776887129
4720 0.000017776887129
4730 0.000017710945160
4730 0.000017710945160
4740 0.000017645177828
4740 0.000017645177828
4750 0.000017579953627
4750 0.000017579953627
4760 0.000017514821793
4760 0.000017514821793
4770 0.000017449795768
4770 0.000017449795768
4780 0.000017385620130
4780 0.000017385620130
4790 0.000017321665234
4790 0.000017321665234
4800 0.000017257829962
4800 0.000017257829962
4810 0.000017194839701
4810 0.000017194839701
4820 0.000017131806252
4820 0.000017131806252
4830 0.000017069392643
4830 0.000017069392643
4840 0.000017006917703
4840 0.000017006917703
4850 0.000016944974762
4850 0.000016944974762
4860 0.000016883294710
4860 0.000016883294710
4870 0.000016822147313
4870 0.000016822147313
4880 0.000016761151756
4880 0.000016761151756
4890 0.000016700531469
4890 0.000016700531469
4900 0.000016640300778
4900 0.000016640300778
4910 0.000016580385009
4910 0.000016580385009
4920 0.000016520744159
4920 0.000016520744159
4930 0.000016461413099
4930 0.000016461413099
4940 0.000016402198302
4940 0.000016402198302
4950 0.000016343491455
4950 0.000016343491455
4960 0.000016285383130
4960 0.000016285383130
4970 0.000016227090480
4970 0.000016227090480
4980 0.000016169242206
4980 0.000016169242206
4990 0.000016111943169
4990 0.000016111943169
5000 0.000016054726906
5000 0.000016054726906
5010 0.000015997782196
5010 0.000015997782196
5020 0.000015941117353
5020 0.000015941117353
5030 0.000015884940503
5030 0.000015884940503
5040 0.000015828819972
5040 0.000015828819972
5050 0.000015773289395
5050 0.000015773289395
5060 0.000015717766482
5060 0.000015717766482
5070 0.000015662685486
5070 0.000015662685486
5080 0.000015607947682
5080 0.000015607947682
5090 0.000015553353840
5090 0.000015553353840
5100 0.000015499215742
5100 0.000015499215742
5110 0.000015445104062
5110 0.000015445104062
5120 0.000015391168795
5120 0.000015391168795
5130 0.000015337944107
5130 0.000015337944107
5140 0.000015284742385
5140 0.000015284742385
5150 0.000015231922949
5150 0.000015231922949
5160 0.000015179116450
5160 0.000015179116450
5170 0.000015126795357
5170 0.000015126795357
5180 0.000015074470034
5180 0.000015074470034
5190 0.000015022758418
5190 0.000015022758418
5200 0.000014971407945
5200 0.000014971407945
5210 0.000014919989582
5210 0.000014919989582
5220 0.000014868943245
5220 0.000014868943245
5230 0.000014818059913
5230 0.000014818059913
5240 0.000014767523732
5240 0.000014767523732
5250 0.000014717332707
5250 0.000014717332707
5260 0.000014667244019
5260 0.000014667244019
5270 0.000014617502963
5270 0.000014617502963
5280 0.000014567867827
5280 0.000014567867827
5290 0.000014518671919
5290 0.000014518671919
5300 0.000014469326097
5300 0.000014469326097
5310 0.000014420728520
5310 0.000014420728520
5320 0.000014372105165
5320 0.000014372105165
5330 0.000014323698803
5330 0.000014323698803
5340 0.000014275741086
5340 0.000014275741086
5350 0.000014227744050
5350 0.000014227744050
5360 0.000014180018356
5360 0.000014180018356
5370 0.000014132743069
5370 0.000014132743069
5380 0.000014085490684
5380 0.000014085490684
5390 0.000014038638385
5390 0.000014038638385
5400 0.000013991966934
5400 0.000013991966934
5410 0.000013945387511
5410 0.000013945387511
5420 0.000013899244032
5420 0.000013899244032
5430 0.000013853160722
5430 0.000013853160722
5440 0.000013807324706
5440 0.000013807324706
5450 0.000013761785628
5450 0.000013761785628
5460 0.000013716378024
5460 0.000013716378024
5470 0.000013671282512
5470 0.000013671282512
5480 0.000013626353618
5480 0.000013626353618
5490 0.000013581671663
5490 0.000013581671663
5500 0.000013537050306
5500 0.000013537050306
5510 0.000013492841822
5510 0.000013492841822
5520 0.000013448764008
5520 0.000013448764008
5530 0.000013404781544
5530 0.000013404781544
5540 0.000013361277935
5540 0.000013361277935
5550 0.000013317794563
5550 0.000013317794563
5560 0.000013274637500
5560 0.000013274637500
5570 0.000013231534463
5570 0.000013231534463
5580 0.000013188738542
5580 0.000013188738542
5590 0.000013146165111
5590 0.000013146165111
5600 0.000013103595024
5600 0.000013103595024
5610 0.000013061443740
5610 0.000013061443740
5620 0.000013019398528
5620 0.000013019398528
5630 0.000012977552824
5630 0.000012977552824
5640 0.000012935799658
5640 0.000012935799658
5650 0.000012894486844
5650 0.000012894486844
5660 0.000012853107813
5660 0.000012853107813
5670 0.000012811946966
5670 0.000012811946966
5680 0.000012771195306
5680 0.000012771195306
5690 0.000012730509830
5690 0.000012730509830
5700 0.000012690157662
5700 0.000012690157662
5710 0.000012649755006
5710 0.000012649755006
5720 0.000012609544654
5720 0.000012609544654
5730 0.000012569613885
5730 0.000012569613885
5740 0.000012529963719
5740 0.000012529963719
5750 0.000012490358118
5750 0.000012490358118
5760 0.000012450903735
5760 0.000012450903735
5770 0.000012411748865
5770 0.000012411748865
5780 0.000012372774945
5780 0.000012372774945
5790 0.000012333735800
5790 0.000012333735800
5800 0.000012295010268
5800 0.000012295010268
5810 0.000012256672991
5810 0.000012256672991
5820 0.000012218443741
5820 0.000012218443741
5830 0.000012180299563
5830 0.000012180299563
5840 0.000012142166120
5840 0.000012142166120
5850 0.000012104445942
5850 0.000012104445942
5860 0.000012066806351
5860 0.000012066806351
5870 0.000012029307177
5870 0.000012029307177
5880 0.000011992105877
5880 0.000011992105877
5890 0.000011954995231
5890 0.000011954995231
5900 0.000011918119793
5900 0.000011918119793
5910 0.000011881260457
5910 0.000011881260457
5920 0.000011844534311
5920 0.000011844534311
5930 0.000011808130462
5930 0.000011808130462
5940 0.000011771783243
5940 0.000011771783243
5950 0.000011735703570
5950 0.000011735703570
5960 0.000011699571630
5960 0.000011699571630
5970 0.000011663866303
5970 0.000011663866303
5980 0.000011628283245
5980 0.000011628283245
5990 0.000011592628799
5990 0.000011592628799
6000 0.000011557394133
6000 0.000011557394133
6010 0.000011522045572
6010 0.000011522045572
6020 0.000011487066074
6020 0.000011487066074
6030 0.000011452098100
6030 0.000011452098100
6040 0.000011417462524
6040 0.000011417462524
6050 0.000011382866604
6050 0.000011382866604
6060 0.000011348472353
6060 0.000011348472353
6070 0.000011314251441
6070 0.000011314251441
6080 0.000011280046644
6080 0.000011280046644
6090 0.000011246045650
6090 0.000011246045650
6100 0.000011212272841
6100 0.000011212272841
6110 0.000011178424166
6110 0.000011178424166
6120 0.000011144980005
6120 0.000011144980005
6130 0.000011111464908
6130 0.000011111464908
6140 0.000011078356981
6140 0.000011078356981
6150 0.000011045230882
6150 0.000011045230882
6160 0.000011012350156
6160 0.000011012350156
6170 0.000010979380114
6170 0.000010979380114
6180 0.000010946880974
6180 0.000010946880974
6190 0.000010914235652
6190 0.000010914235652
6200 0.000010881616316
6200 0.000010881616316
6210 0.000010849437149
6210 0.000010849437149
6220 0.000010817280325
6220 0.000010817280325
6230 0.000010785317786
6230 0.000010785317786
6240 0.000010753622601
6240 0.000010753622601
6250 0.000010721756902
6250 0.000010721756902
6260 0.000010690405431
6260 0.000010690405431
6270 0.000010658765959
6270 0.000010658765959
6280 0.000010627593773
6280 0.000010627593773
6290 0.000010596196873
6290 0.000010596196873
6300 0.000010565243987
6300 0.000010565243987
6310 0.000010534232981
6310 0.000010534232981
6320 0.000010503404184
6320 0.000010503404184
6330 0.000010472946021
6330 0.000010472946021
6340 0.000010442391093
6340 0.000010442391093
6350 0.000010411896204
6350 0.000010411896204
6360 0.000010381623435
6360 0.000010381623435
6370 0.000010351625856
6370 0.000010351625856
6380 0.000010321374584
6380 0.000010321374584
6390 0.000010291610361
6390 0.000010291610361
6400 0.000010261750749
6400 0.000010261750749
6410 0.000010232214781
6410 0.000010232214781
6420 0.000010202491787
6420 0.000010202491787
6430 0.000010173232045
6430 0.000010173232045
6440 0.000010143952736
6440 0.000010143952736
6450 0.000010114741159
6450 0.000010114741159
6460 0.000010085649812
6460 0.000010085649812
6470 0.000010056728241
6470 0.000010056728241
6480 0.000010027889280
6480 0.000010027889280
6490 0.000009999090590
6490 0.000009999090590
6500 0.000009970851520
6500 0.000009970851520
6510 0.000009942228024
6510 0.000009942228024
6520 0.000009913732364
6520 0.000009913732364
6530 0.000009885654049
6530 0.000009885654049
6540 0.000009857558438
6540 0.000009857558438
6550 0.000009829398411
6550 0.000009829398411
6560 0.000009801711223
6560 0.000009801711223
6570 0.000009773873786
6570 0.000009773873786
6580 0.000009746247713
6580 0.000009746247713
6590 0.000009718686657
6590 0.000009718686657
6600 0.000009691280485
6600 0.000009691280485
6610 0.000009663993022
6610 0.000009663993022
6620 0.000009636717759
6620 0.000009636717759
6630 0.000009609698909
6630 0.000009609698909
6640 0.000009582577508
6640 0.000009582577508
6650 0.000009555892762
6650 0.000009555892762
6660 0.000009528972889
6660 0.000009528972889
6670 0.000009502387117
6670 0.000009502387117
6680 0.000009475864211
6680 0.000009475864211
6690 0.000009449351259
6690 0.000009449351259
6700 0.000009423130883
6700 0.000009423130883
6710 0.000009396675422
6710 0.000009396675422
6720 0.000009370657843
6720 0.000009370657843
6730 0.000009344699606
6730 0.000009344699606
6740 0.000009318699002
6740 0.000009318699002
6750 0.000009292838142
6750 0.000009292838142
6760 0.000009267120290
6760 0.000009267120290
6770 0.000009241522916
6770 0.000009241522916
6780 0.000009215932040
6780 0.000009215932040
6790 0.000009190396627
6790 0.000009190396627
6800 0.000009165060661
6800 0.000009165060661
6810 0.000009139983186
6810 0.000009139983186
6820 0.000009114840464
6820 0.000009114840464
6830 0.000009089728745
6830 0.000009089728745
6840 0.000009064892782
6840 0.000009064892782
6850 0.000009040043727
6850 0.000009040043727
6860 0.000009015265189
6860 0.000009015265189
6870 0.000008990629080
6870 0.000008990629080
6880 0.000008966146911
6880 0.000008966146911
6890 0.000008941644136
6890 0.000008941644136
6900 0.000008917263428
6900 0.000008917263428
6910 0.000008893039879
6910 0.000008893039879
6920 0.000008868772127
6920 0.000008868772127
6930 0.000008844733632
6930 0.000008844733632
6940 0.000008820802516
6940 0.000008820802516
6950 0.000008796863409
6950 0.000008796863409
6960 0.000008773108159
6960 0.000008773108159
6970 0.000008749314144
6970 0.000008749314144
6980 0.000008725753809
6980 0.000008725753809
6990 0.000008702250427
6990 0.000008702250427
7000 0.000008678797980
7000 0.000008678797980
7010 0.000008655514217
7010 0.000008655514217
7020 0.000008632316553
7020 0.000008632316553
7030 0.000008609220953
7030 0.000008609220953
7040 0.000008585911608
7040 0.000008585911608
7050 0.000008562906931
7050 0.000008562906931
7060 0.000008540160840
7060 0.000008540160840
7070 0.000008517209724
7070 0.000008517209724
7080 0.000008494601726
7080 0.000008494601726
7090 0.000008472015301
7090 0.000008472015301
7100 0.000008449408858
7100 0.000008449408858
7110 0.000008427006704
7110 0.000008427006704
7120 0.000008404455477
7120 0.000008404455477
7130 0.000008382090306
7130 0.000008382090306
7140 0.000008359946424
7140 0.000008359946424
7150 0.000008337877825
7150 0.000008337877825
7160 0.000008315822538
7160 0.000008315822538
7170 0.000008293890008
7170 0.000008293890008
7180 0.000008271795616
7180 0.000008271795616
7190 0.000008250101020
7190 0.000008250101020
7200 0.000008228392203
7200 0.000008228392203
7210 0.000008206837646
7210 0.000008206837646
7220 0.000008185141254
7220 0.000008185141254
7230 0.000008163615698
7230 0.000008163615698
7240 0.000008142307638
7240 0.000008142307638
7250 0.000008121111762
7250 0.000008121111762
7260 0.000008099715750
7260 0.000008099715750
7270 0.000008078643171
7270 0.000008078643171
7280 0.000008057474012
7280 0.000008057474012
7290 0.000008036463204
7290 0.000008036463204
7300 0.000008015519677
7300 0.000008015519677
7310 0.000007994700046
7310 0.000007994700046
7320 0.000007973885609
7320 0.000007973885609
7330 0.000007953114895
7330 0.000007953114895
7340 0.000007932540990
7340 0.000007932540990
7350 0.000007911928457
7350 0.000007911928457
7360 0.000007891498431
7360 0.000007891498431
7370 0.000007871112060
7370 0.000007871112060
7380 0.000007850826808
7380 0.000007850826808
7390 0.000007830508911
7390 0.000007830508911
7400 0.000007810236838
7400 0.000007810236838
7410 0.000007790295403
7410 0.000007790295403
7420 0.000007770224447
7420 0.000007770224447
7430 0.000007750220108
7430 0.000007750220108
7440 0.000007730411121
7440 0.000007730411121
7450 0.000007710541293
7450 0.000007710541293
7460 0.000007690842670
7460 0.000007690842670
7470 0.000007671125097
7470 0.000007671125097
7480 0.000007651483625
7480 0.000007651483625
7490 0.000007631931172
7490 0.000007631931172
7500 0.000007612424647
7500 0.000007612424647
7510 0.000007593023671
7510 0.000007593023671
7520 0.000007573841139
7520 0.000007573841139
7530 0.000007554504013
7530 0.000007554504013
7540 0.000007535349655
7540 0.000007535349655
7550 0.000007516168969
7550 0.000007516168969
7560 0.000007497313818
7560 0.000007497313818
7570 0.000007478320715
7570 0.000007478320715
7580 0.000007459382630
7580 0.000007459382630
7590 0.000007440574849
7590 0.000007440574849
7600 0.000007421668267
7600 0.000007421668267
7610 0.000007402940728
7610 0.000007402940728
7620 0.000007384387289
7620 0.000007384387289
7630 0.000007365789444
7630 0.000007365789444
7640 0.000007347273894
7640 0.000007347273894
7650 0.000007328822109
7650 0.000007328822109
7660 0.000007310494846
7660 0.000007310494846
7670 0.000007292135654
7670 0.000007292135654
7680 0.000007273993794
7680 0.000007273993794
7690 0.000007255649251
7690 0.000007255649251
7700 0.000007237628021
7700 0.000007237628021
7710 0.000007219424869
7710 0.000007219424869
7720 0.000007201386968
7720 0.000007201386968
7730 0.000007183647158
7730 0.000007183647158
7740 0.000007165520788
7740 0.000007165520788
7750 0.000007147787751
7750 0.000007147787751
7760 0.000007130115063
7760 0.000007130115063
7770 0.000007112478708
7770 0.000007112478708
7780 0.000007094783845
7780 0.000007094783845
7790 0.000007077293608
7790 0.000007077293608
7800 0.000007059674852
7800 0.000007059674852
7810 0.000007042307667
7810 0.000007042307667
7820 0.000007024900476
7820 0.000007024900476
7830 0.000007007566360
7830 0.000007007566360
7840 0.000006990348181
7840 0.000006990348181
7850 0.000006973174533
7850 0.000006973174533
7860 0.000006955949942
7860 0.000006955949942
7870 0.000006938848674
7870 0.000006938848674
7880 0.000006921879481
7880 0.000006921879481
7890 0.000006905016548
7890 0.000006905016548
7900 0.000006888067230
7900 0.000006888067230
7910 0.000006871056772
7910 0.000006871056772
7920 0.000006854226438
7920 0.000006854226438
7930 0.000006837498388
7930 0.000006837498388
7940 0.000006820942324
7940 0.000006820942324
7950 0.000006804307433
7950 0.000006804307433
7960 0.000006787773686
7960 0.000006787773686
7970 0.000006771226622
7970 0.000006771226622
7980 0.000006754803517
7980 0.000006754803517
7990 0.000006738294503
7990 0.000006738294503
8000 0.000006721974616
8000 0.000006721974616
8010 0.000006705759739
8010 0.000006705759739
8020 0.000006689530656
8020 0.000006689530656
8030 0.000006673351239
8030 0.000006673351239
8040 0.000006657145867
8040 0.000006657145867
8050 0.000006641168240
8050 0.000006641168240
8060 0.000006625134814
8060 0.000006625134814
8070 0.000006609101423
8070 0.000006609101423
8080 0.000006593359390
8080 0.000006593359390
8090 0.000006577335775
8090 0.000006577335775
8100 0.000006561602090
8100 0.000006561602090
8110 0.000006545863181
8110 0.000006545863181
8120 0.000006530246980
8120 0.000006530246980
8130 0.000006514581974
8130 0.000006514581974
8140 0.000006498958163
8140 0.000006498958163
8150 0.000006483458241
8150 0.000006483458241
8160 0.000006467921268
8160 0.000006467921268
8170 0.000006452494225
8170 0.000006452494225
8180 0.000006437136478
8180 0.000006437136478
8190 0.000006421738143
8190 0.000006421738143
8200 0.000006406621890
8200 0.000006406621890
8210 0.000006391210842
8210 0.000006391210842
8220 0.000006376069103
8220 0.000006376069103
8230 0.000006360967844
8230 0.000006360967844
8240 0.000006345836588
8240 0.000006345836588
8250 0.000006330847105
8250 0.000006330847105
8260 0.000006315747384
8260 0.000006315747384
8270 0.000006300889404
8270 0.000006300889404
8280 0.000006286013757
8280 0.000006286013757
8290 0.000006271181081
8290 0.000006271181081
8300 0.000006256409871
8300 0.000006256409871
8310 0.000006241665250
8310 0.000006241665250
8320 0.000006226967346
8320 0.000006226967346
8330 0.000006212321065
8330 0.000006212321065
8340 0.000006197654134
8340 0.000006197654134
8350 0.000006183202658
8350 0.000006183202658
8360 0.000006168684414
8360 0.000006168684414
8370 0.000006154307224
8370 0.000006154307224
8380 0.000006139841879
8380 0.000006139841879
8390 0.000006125478698
8390 0.000006125478698
8400 0.000006111276450
8400 0.000006111276450
8410 0.000006096975910
8410 0.000006096975910
8420 0.000006082747684
8420 0.000006082747684
8430 0.000006068584045
8430 0.000006068584045
8440 0.000006054400793
8440 0.000006054400793
8450 0.000006040350892
8450 0.000006040350892
8460 0.000006026208657
8460 0.000006026208657
8470 0.000006012216830
8470 0.000006012216830
8480 0.000005998262741
8480 0.000005998262741
8490 0.000005984498340
8490 0.000005984498340
8500 0.000005970595296
8500 0.000005970595296
8510 0.000005956730841
8510 0.000005956730841
8520 0.000005943120578
8520 0.000005943120578
8530 0.000005929286657
8530 0.000005929286657
8540 0.000005915655135
8540 0.000005915655135
8550 0.000005901990979
8550 0.000005901990979
8560 0.000005888446060
8560 0.000005888446060
8570 0.000005874876568
8570 0.000005874876568
8580 0.000005861305833
8580 0.000005861305833
8590 0.000005847942289
8590 0.000005847942289
8600 0.000005834508714
8600 0.000005834508714
8610 0.000005821190612
8610 0.000005821190612
8620 0.000005807692012
8620 0.000005807692012
8630 0.000005794462464
8630 0.000005794462464
8640 0.000005781318029
8640 0.000005781318029
8650 0.000005768073028
8650 0.000005768073028
8660 0.000005754804016
8660 0.000005754804016
8670 0.000005741723631
8670 0.000005741723631
8680 0.000005728685998
8680 0.000005728685998
8690 0.000005715584276
8690 0.000005715584276
8700 0.000005702733214
8700 0.000005702733214
8710 0.000005689661700
8710 0.000005689661700
8720 0.000005676715934
8720 0.000005676715934
8730 0.000005663882994
8730 0.000005663882994
8740 0.000005651044038
8740 0.000005651044038
8750 0.000005638174891
8750 0.000005638174891
8760 0.000005625525718
8760 0.000005625525718
8770 0.000005612755316
8770 0.000005612755316
8780 0.000005600049259
8780 0.000005600049259
8790 0.000005587519771
8790 0.000005587519771
8800 0.000005574820349
8800 0.000005574820349
8810 0.000005562253716
8810 0.000005562253716
8820 0.000005549752955
8820 0.000005549752955
8830 0.000005537337087
8830 0.000005537337087
8840 0.000005524761336
8840 0.000005524761336
8850 0.000005512333056
8850 0.000005512333056
8860 0.000005500089837
8860 0.000005500089837
8870 0.000005487637998
8870 0.000005487637998
8880 0.000005475464120
8880 0.000005475464120
8890 0.000005463206886
8890 0.000005463206886
8900 0.000005450969533
8900 0.000005450969533
8910 0.000005438752982
8910 0.000005438752982
8920 0.000005426786407
8920 0.000005426786407
8930 0.000005414548185
8930 0.000005414548185
8940 0.000005402590134
8940 0.000005402590134
8950 0.000005390538237
8950 0.000005390538237
8960 0.000005378470561
8960 0.000005378470561
8970 0.000005366495821
8970 0.000005366495821
8980 0.000005354546638
8980 0.000005354546638
8990 0.000005342774794
8990 0.000005342774794
9000 0.000005330862039
9000 0.000005330862039
9010 0.000005319095675
9010 0.000005319095675
9020 0.000005307257981
9020 0.000005307257981
9030 0.000005295481478
9030 0.000005295481478
9040 0.000005283852325
9040 0.000005283852325
9050 0.000005272171643
9050 0.000005272171643
9060 0.000005260570543
9060 0.000005260570543
9070 0.000005248966881
9070 0.000005248966881
9080 0.000005237339017
9080 0.000005237339017
9090 0.000005225806879
9090 0.000005225806879
9100 0.000005214381335
9100 0.000005214381335
9110 0.000005202830320
9110 0.000005202830320
9120 0.000005191495698
9120 0.000005191495698
9130 0.000005180097984
9130 0.000005180097984
9140 0.000005168744066
9140 0.000005168744066
9150 0.000005157481429
9150 0.000005157481429
9160 0.000005146142753
9160 0.000005146142753
9170 0.000005134806419
9170 0.000005134806419
9180 0.000005123683162
9180 0.000005123683162
9190 0.000005112467738
9190 0.000005112467738
9200 0.000005101322514
9200 0.000005101322514
9210 0.000005090225469
9210 0.000005090225469
9220 0.000005079050832
9220 0.000005079050832
9230 0.000005068169987
9230 0.000005068169987
9240 0.000005057037831
9240 0.000005057037831
9250 0.000005045986107
9250 0.000005045986107
9260 0.000005035181080
9260 0.000005035181080
9270 0.000005024169493
9270 0.000005024169493
9280 0.000005013326578
9280 0.000005013326578
9290 0.000005002469830
9290 0.000005002469830
9300 0.000004991654000
9300 0.000004991654000
9310 0.000004980901889
9310 0.000004980901889
9320 0.000004970122933
9320 0.000004970122933
9330 0.000004959305316
9330 0.000004959305316
9340 0.000004948516646
9340 0.000004948516646
9350 0.000004938020574
9350 0.000004938020574
9360 0.000004927397575
9360 0.000004927397575
9370 0.000004916707259
9370 0.000004916707259
9380 0.000004906144266
9380 0.000004906144266
9390 0.000004895711783
9390 0.000004895711783
9400 0.000004885197094
9400 0.000004885197094
9410 0.000004874696077
9410 0.000004874696077
9420 0.000004864172550
9420 0.000004864172550
9430 0.000004853870642
9430 0.000004853870642
9440 0.000004843509422
9440 0.000004843509422
9450 0.000004833164538
9450 0.000004833164538
9460 0.000004822848749
9460 0.000004822848749
9470 0.000004812523457
9470 0.000004812523457
9480 0.000004802310878
9480 0.000004802310878
9490 0.000004792030466
9490 0.000004792030466
9500 0.000004781681570
9500 0.000004781681570
9510 0.000004771624090
9510 0.000004771624090
9520 0.000004761541775
9520 0.000004761541775
9530 0.000004751386844
9530 0.000004751386844
9540 0.000004741227223
9540 0.000004741227223
9550 0.000004731260332
9550 0.000004731260332
9560 0.000004721154093
9560 0.000004721154093
9570 0.000004711111536
9570 0.000004711111536
9580 0.000004701207646
9580 0.000004701207646
9590 0.000004691311571
9590 0.000004691311571
9600 0.000004681302532
9600 0.000004681302532
9610 0.000004671346106
9610 0.000004671346106
9620 0.000004661631391
9620 0.000004661631391
9630 0.000004651802154
9630 0.000004651802154
9640 0.000004642009970
9640 0.000004642009970
9650 0.000004632217842
9650 0.000004632217842
9660 0.000004622424635
9660 0.000004622424635
9670 0.000004612774338
9670 0.000004612774338
9680 0.000004603126029
9680 0.000004603126029
9690 0.000004593457012
9690 0.000004593457012
9700 0.000004583674502
9700 0.000004583674502
9710 0.000004574173684
9710 0.000004574173684
9720 0.000004564599598
9720 0.000004564599598
9730 0.000004555102047
9730 0.000004555102047
9740 0.000004545505701
9740 0.000004545505701
9750 0.000004536039940
9750 0.000004536039940
9760 0.000004526606704
9760 0.000004526606704
9770 0.000004517199829
9770 0.000004517199829
9780 0.000004507773150
9780 0.000004507773150
9790 0.000004498301284
9790 0.000004498301284
9800 0.000004488900415
9800 0.000004488900415
9810 0.000004479590661
9810 0.000004479590661
9820 0.000004470312082
9820 0.000004470312082
9830 0.000004461026479
9830 0.000004461026479
9840 0.000004451712694
9840 0.000004451712694
9850 0.000004442669773
9850 0.000004442669773
9860 0.000004433309602
9860 0.000004433309602
9870 0.000004424108141
9870 0.000004424108141
9880 0.000004415034147
9880 0.000004415034147
9890 0.000004405845383
9890 0.000004405845383
9900 0.000004396781414
9900 0.000004396781414
9910 0.000004387687706
9910 0.000004387687706
9920 0.000004378642524
9920 0.000004378642524
9930 0.000004369672491
9930 0.000004369672491
9940 0.000004360647328
9940 0.000004360647328
9950 0.000004351584130
9950 0.000004351584130
9960 0.000004342748982
9960 0.000004342748982
9970 0.000004333811872
9970 0.000004333811872
9980 0.000004324900749
9980 0.000004324900749
9990 0.000004315999438
9990 0.000004315999438
10000 0.000004307186465
10000 0.000004307186465
10010 0.000004298265523
10010 0.000004298265523
10020 0.000004289524547
10020 0.000004289524547
10030 0.000004280616326
10030 0.000004280616326
10040 0.000004271989060
10040 0.000004271989060
10050 0.000004263272522
10050 0.000004263272522
10060 0.000004254501284
10060 0.000004254501284
10070 0.000004245854243
10070 0.000004245854243
10080 0.000004237222956
10080 0.000004237222956
10090 0.000004228609369
10090 0.000004228609369
10100 0.000004219978210
10100 0.000004219978210
10110 0.000004211425701
10110 0.000004211425701
10120 0.000004202783577
10120 0.000004202783577
10130 0.000004194285884
10130 0.000004194285884
10140 0.000004185847511
10140 0.000004185847511
10150 0.000004177337343
10150 0.000004177337343
10160 0.000004168871621
10160 0.000004168871621
10170 0.000004160342007
10170 0.000004160342007
10180 0.000004152030244
10180 0.000004152030244
10190 0.000004143523368
10190 0.000004143523368
10200 0.000004135122917
10200 0.000004135122917
10210 0.000004126833304
10210 0.000004126833304
10220 0.000004118475468
10220 0.000004118475468
10230 0.000004110175490
10230 0.000004110175490
10240 0.000004101867918
10240 0.000004101867918
10250 0.000004093622953
10250 0.000004093622953
10260 0.000004085403621
10260 0.000004085403621
10270 0.000004077137360
10270 0.000004077137360
10280 0.000004068933922
10280 0.000004068933922
10290 0.000004060713311
10290 0.000004060713311
10300 0.000004052708715
10300 0.000004052708715
10310 0.000004044563567
10310 0.000004044563567
10320 0.000004036424546
10320 0.000004036424546
10330 0.000004028374083
10330 0.000004028374083
10340 0.000004020239383
10340 0.000004020239383
10350 0.000004012274681
10350 0.000004012274681
10360 0.000004004253341
10360 0.000004004253341
10370 0.000003996299060
10370 0.000003996299060
10380 0.000003988259267
10380 0.000003988259267
10390 0.000003980307151
10390 0.000003980307151
10400 0.000003972427663
10400 0.000003972427663
10410 0.000003964496430
10410 0.000003964496430
10420 0.000003956537354
10420 0.000003956537354
10430 0.000003948720178
10430 0.000003948720178
10440 0.000003940886389
10440 0.000003940886389
10450 0.000003933028647
10450 0.000003933028647
10460 0.000003925173495
10460 0.000003925173495
10470 0.000003917430867
10470 0.000003917430867
10480 0.000003909666086
10480 0.000003909666086
10490 0.000003901927725
10490 0.000003901927725
10500 0.000003894251673
10500 0.000003894251673
10510 0.000003886492811
10510 0.000003886492811
10520 0.000003878837663
10520 0.000003878837663
10530 0.000003871161840
10530 0.000003871161840
10540 0.000003863611361
10540 0.000003863611361
10550 0.000003855876105
10550 0.000003855876105
10560 0.000003848331554
10560 0.000003848331554
10570 0.000003840671297
10570 0.000003840671297
10580 0.000003833194923
10580 0.000003833194923
10590 0.000003825590627
10590 0.000003825590627
10600 0.000003818017156
10600 0.000003818017156
10610 0.000003810549024
10610 0.000003810549024
10620 0.000003803050285
10620 0.000003803050285
10630 0.000003795658930
10630 0.000003795658930
10640 0.000003788210305
10640 0.000003788210305
10650 0.000003780715564
10650 0.000003780715564
10660 0.000003773285605
10660 0.000003773285605
10670 0.000003766018803
10670 0.000003766018803
10680 0.000003758608556
10680 0.000003758608556
10690 0.000003751290188
10690 0.000003751290188
10700 0.000003743887820
10700 0.000003743887820
10710 0.000003736632527
10710 0.000003736632527
10720 0.000003729335038
10720 0.000003729335038
10730 0.000003722147426
10730 0.000003722147426
10740 0.000003714799183
10740 0.000003714799183
10750 0.000003707651236
10750 0.000003707651236
10760 0.000003700365018
10760 0.000003700365018
10770 0.000003693232379
10770 0.000003693232379
10780 0.000003686061710
10780 0.000003686061710
10790 0.000003678894811
10790 0.000003678894811
10800 0.000003671736156
10800 0.000003671736156
10810 0.000003664675001
10810 0.000003664675001
10820 0.000003657543853
10820 0.000003657543853
10830 0.000003650433158
10830 0.000003650433158
10840 0.000003643369440
10840 0.000003643369440
10850 0.000003636342748
10850 0.000003636342748
10860 0.000003629300971
10860 0.000003629300971
10870 0.000003622275473
10870 0.000003622275473
10880 0.000003615371467
10880 0.000003615371467
10890 0.000003608333792
10890 0.000003608333792
10900 0.000003601435629
10900 0.000003601435629
10910 0.000003594462774
10910 0.000003594462774
10920 0.000003587566137
10920 0.000003587566137
10930 0.000003580605921
10930 0.000003580605921
10940 0.000003573723351
10940 0.000003573723351
10950 0.000003566895759
10950 0.000003566895759
10960 0.000003560033514
10960 0.000003560033514
10970 0.000003553262681
10970 0.000003553262681
10980 0.000003546391201
10980 0.000003546391201
10990 0.000003539650978
10990 0.000003539650978
11000 0.000003532802269
11000 0.000003532802269
11010 0.000003526105177
11010 0.000003526105177
11020 0.000003519300455
11020 0.000003519300455
11030 0.000003512607306
11030 0.000003512607306
11040 0.000003505810426
11040 0.000003505810426
11050 0.000003499227313
11050 0.000003499227313
11060 0.000003492547290
11060 0.000003492547290
11070 0.000003485986955
11070 0.000003485986955
11080 0.000003479221626
11080 0.000003479221626
11090 0.000003472655137
11090 0.000003472655137
11100 0.000003466048883
11100 0.000003466048883
11110 0.000003459397020
11110 0.000003459397020
11120 0.000003452930328
11120 0.000003452930328
11130 0.000003446332477
11130 0.000003446332477
11140 0.000003439852540
11140 0.000003439852540
11150 0.000003433262042
11150 0.000003433262042
11160 0.000003426753328
11160 0.000003426753328
11170 0.000003420244507
11170 0.000003420244507
11180 0.000003413792835
11180 0.000003413792835
11190 0.000003407318361
11190 0.000003407318361
11200 0.000003400859851
11200 0.000003400859851
11210 0.000003394516890
11210 0.000003394516890
11220 0.000003388032100
11220 0.000003388032100
11230 0.000003381641195
11230 0.000003381641195
11240 0.000003375230833
11240 0.000003375230833
11250 0.000003368895061
11250 0.000003368895061
11260 0.000003362627880
11260 0.000003362627880
11270 0.000003356202240
11270 0.000003356202240
11280 0.000003349944339
11280 0.000003349944339
11290 0.000003343695973
11290 0.000003343695973
11300 0.000003337371370
11300 0.000003337371370
11310 0.000003331146448
11310 0.000003331146448
11320 0.000003324869772
11320 0.000003324869772
11330 0.000003318661870
11330 0.000003318661870
11340 0.000003312460541
11340 0.000003312460541
11350 0.000003306242057
11350 0.000003306242057
11360 0.000003300032780
11360 0.000003300032780
11370 0.000003293824010
11370 0.000003293824010
11380 0.000003287703298
11380 0.000003287703298
11390 0.000003281558371
11390 0.000003281558371
11400 0.000003275414639
11400 0.000003275414639
11410 0.000003269262124
11410 0.000003269262124
11420 0.000003263185781
11420 0.000003263185781
11430 0.000003257171406
11430 0.000003257171406
11440 0.000003251077539
11440 0.000003251077539
11450 0.000003244974173
11450 0.000003244974173
11460 0.000003239012535
11460 0.000003239012535
11470 0.000003232959645
11470 0.000003232959645
11480 0.000003226922620
11480 0.000003226922620
11490 0.000003220896684
11490 0.000003220896684
11500 0.000003214979243
11500 0.000003214979243
11510 0.000003209038195
11510 0.000003209038195
11520 0.000003203101583
11520 0.000003203101583
11530 0.000003197132274
11530 0.000003197132274
11540 0.000003191225616
11540 0.000003191225616
11550 0.000003185269583
11550 0.000003185269583
11560 0.000003179481840
11560 0.000003179481840
11570 0.000003173564150
11570 0.000003173564150
11580 0.000003167757999
11580 0.000003167757999
11590 0.000003161828195
11590 0.000003161828195
11600 0.000003156053129
11600 0.000003156053129
11610 0.000003150200976
11610 0.000003150200976
11620 0.000003144466890
11620 0.000003144466890
11630 0.000003138636141
11630 0.000003138636141
11640 0.000003132867034
11640 0.000003132867034
11650 0.000003127062652
11650 0.000003127062652
11660 0.000003121358863
11660 0.000003121358863
11670 0.000003115613127
11670 0.000003115613127
11680 0.000003109925877
11680 0.000003109925877
11690 0.000003104207712
11690 0.000003104207712
11700 0.000003098534614
11700 0.000003098534614
11710 0.000003092866811
11710 0.000003092866811
11720 0.000003087080061
11720 0.000003087080061
11730 0.000003081519926
11730 0.000003081519926
11740 0.000003075843430
11740 0.000003075843430
11750 0.000003070278588
11750 0.000003070278588
11760 0.000003064651991
11760 0.000003064651991
11770 0.000003059013759
11770 0.000003059013759
11780 0.000003053510317
11780 0.000003053510317
11790 0.000003047964165
11790 0.000003047964165
11800 0.000003042376363
11800 0.000003042376363
11810 0.000003036878140
11810 0.000003036878140
11820 0.000003031252589
11820 0.000003031252589
11830 0.000003025764477
11830 0.000003025764477
11840 0.000003020273018
11840 0.000003020273018
11850 0.000003014832184
11850 0.000003014832184
11860 0.000003009328958
11860 0.000003009328958
11870 0.000003003826504
11870 0.000003003826504
11880 0.000002998439093
11880 0.000002998439093
11890 0.000002993017014
11890 0.000002993017014
11900 0.000002987529189
11900 0.000002987529189
11910 0.000002982078501
11910 0.000002982078501
11920 0.000002976761197
11920 0.000002976761197
11930 0.000002971315938
11930 0.000002971315938
11940 0.000002966011039
11940 0.000002966011039
11950 0.000002960626998
11950 0.000002960626998
11960 0.000002955299145
11960 0.000002955299145
11970 0.000002950006708
11970 0.000002950006708
11980 0.000002944574247
11980 0.000002944574247
11990 0.000002939334391
11990 0.000002939334391
12000 0.000002934008099
12000 0.000002934008099
12010 0.000002928722411
12010 0.000002928722411
12020 0.000002923450287
12020 0.000002923450287
12030 0.000002918175381
12030 0.000002918175381
12040 0.000002912933469
12040 0.000002912933469
12050 0.000002907746760
12050 0.000002907746760
12060 0.000002902544711
12060 0.000002902544711
12070 0.000002897329459
12070 0.000002897329459
12080 0.000002892136965
12080 0.000002892136965
12090 0.000002886993271
12090 0.000002886993271
12100 0.000002881772448
12100 0.000002881772448
12110 0.000002876615431
12110 0.000002876615431
12120 0.000002871483539
12120 0.000002871483539
12130 0.000002866333587
12130 0.000002866333587
12140 0.000002861202745
12140 0.000002861202745
12150 0.000002856183372
12150 0.000002856183372
12160 0.000002850997437
12160 0.000002850997437
12170 0.000002845898193
12170 0.000002845898193
12180 0.000002840905490
12180 0.000002840905490
12190 0.000002835762617
12190 0.000002835762617
12200 0.000002830741127
12200 0.000002830741127
12210 0.000002825766151
12210 0.000002825766151
12220 0.000002820712396
12220 0.000002820712396
12230 0.000002815666883
12230 0.000002815666883
12240 0.000002810636249
12240 0.000002810636249
12250 0.000002805592096
12250 0.000002805592096
12260 0.000002800764817
12260 0.000002800764817
12270 0.000002795768217
12270 0.000002795768217
12280 0.000002790706366
12280 0.000002790706366
12290 0.000002785853297
12290 0.000002785853297
12300 0.000002780882396
12300 0.000002780882396
12310 0.000002775985966
12310 0.000002775985966
12320 0.000002771064141
12320 0.000002771064141
12330 0.000002766144145
12330 0.000002766144145
12340 0.000002761323282
12340 0.000002761323282
12350 0.000002756371950
12350 0.000002756371950
12360 0.000002751480078
12360 0.000002751480078
12370 0.000002746669002
12370 0.000002746669002
12380 0.000002741903833
12380 0.000002741903833
12390 0.000002736991426
12390 0.000002736991426
12400 0.000002732183437
12400 0.000002732183437
12410 0.000002727353877
12410 0.000002727353877
12420 0.000002722617450
12420 0.000002722617450
12430 0.000002717826247
12430 0.000002717826247
12440 0.000002712992549
12440 0.000002712992549
12450 0.000002708226078
12450 0.000002708226078
12460 0.000002703477500
12460 0.000002703477500
12470 0.000002698760052
12470 0.000002698760052
12480 0.000002693995609
12480 0.000002693995609
12490 0.000002689314742
12490 0.000002689314742
12500 0.000002684624827
12500 0.000002684624827
12510 0.000002679853094
12510 0.000002679853094
12520 0.000002675172124
12520 0.000002675172124
12530 0.000002670529211
12530 0.000002670529211
12540 0.000002665926792
12540 0.000002665926792
12550 0.000002661174198
12550 0.000002661174198
12560 0.000002656537731
12560 0.000002656537731
12570 0.000002651861426
12570 0.000002651861426
12580 0.000002647254254
12580 0.000002647254254
12590 0.000002642605597
12590 0.000002642605597
12600 0.000002638075330
12600 0.000002638075330
12610 0.000002633510544
12610 0.000002633510544
12620 0.000002628923942
12620 0.000002628923942
12630 0.000002624335173
12630 0.000002624335173
12640 0.000002619734813
12640 0.000002619734813
12650 0.000002615273549
12650 0.000002615273549
12660 0.000002610731998
12660 0.000002610731998
12670 0.000002606169277
12670 0.000002606169277
12680 0.000002601681001
12680 0.000002601681001
12690 0.000002597083006
12690 0.000002597083006
12700 0.000002592623200
12700 0.000002592623200
12710 0.000002588145557
12710 0.000002588145557
12720 0.000002583573385
12720 0.000002583573385
12730 0.000002579189242
12730 0.000002579189242
12740 0.000002574697376
12740 0.000002574697376
12750 0.000002570252843
12750 0.000002570252843
12760 0.000002565779867
12760 0.000002565779867
12770 0.000002561447045
12770 0.000002561447045
12780 0.000002556983838
12780 0.000002556983838
12790 0.000002552549391
12790 0.000002552549391
12800 0.000002548181035
12800 0.000002548181035
12810 0.000002543782243
12810 0.000002543782243
12820 0.000002539393361
12820 0.000002539393361
12830 0.000002535031585
12830 0.000002535031585
12840 0.000002530681811
12840 0.000002530681811
12850 0.000002526321355
12850 0.000002526321355
12860 0.000002522019659
12860 0.000002522019659
12870 0.000002517757139
12870 0.000002517757139
12880 0.000002513357934
12880 0.000002513357934
12890 0.000002509000593
12890 0.000002509000593
12900 0.000002504682018
12900 0.000002504682018
12910 0.000002500405643
12910 0.000002500405643
12920 0.000002496229132
12920 0.000002496229132
12930 0.000002491902963
12930 0.000002491902963
12940 0.000002487591801
12940 0.000002487591801
12950 0.000002483368945
12950 0.000002483368945
12960 0.000002479141063
12960 0.000002479141063
12970 0.000002474923693
12970 0.000002474923693
12980 0.000002470663947
12980 0.000002470663947
12990 0.000002466427880
12990 0.000002466427880
13000 0.000002462308439
13000 0.000002462308439
13010 0.000002458046517
13010 0.000002458046517
13020 0.000002453883891
13020 0.000002453883891
13030 0.000002449618906
13030 0.000002449618906
13040 0.000002445458213
13040 0.000002445458213
13050 0.000002441319009
13050 0.000002441319009
13060 0.000002437195326
13060 0.000002437195326
13070 0.000002433011309
13070 0.000002433011309
13080 0.000002428927834
13080 0.000002428927834
13090 0.000002424788628
13090 0.000002424788628
13100 0.000002420703467
13100 0.000002420703467
13110 0.000002416600494
13110 0.000002416600494
13120 0.000002412465191
13120 0.000002412465191
13130 0.000002408360683
13130 0.000002408360683
13140 0.000002404325852
13140 0.000002404325852
13150 0.000002400221500
13150 0.000002400221500
13160 0.000002396234835
13160 0.000002396234835
13170 0.000002392132093
13170 0.000002392132093
13180 0.000002388125002
13180 0.000002388125002
13190 0.000002384085525
13190 0.000002384085525
13200 0.000002380064995
13200 0.000002380064995
13210 0.000002376031642
13210 0.000002376031642
13220 0.000002372046207
13220 0.000002372046207
13230 0.000002368063231
13230 0.000002368063231
13240 0.000002364042164
13240 0.000002364042164
13250 0.000002360045842
13250 0.000002360045842
13260 0.000002356065621
13260 0.000002356065621
13270 0.000002352092275
13270 0.000002352092275
13280 0.000002348179484
13280 0.000002348179484
13290 0.000002344194698
13290 0.000002344194698
13300 0.000002340262943
13300 0.000002340262943
13310 0.000002336297472
13310 0.000002336297472
13320 0.000002332408369
13320 0.000002332408369
13330 0.000002328531362
13330 0.000002328531362
13340 0.000002324619639
13340 0.000002324619639
13350 0.000002320763604
13350 0.000002320763604
13360 0.000002316838509
13360 0.000002316838509
13370 0.000002313001888
13370 0.000002313001888
13380 0.000002309084869
13380 0.000002309084869
13390 0.000002305251003
13390 0.000002305251003
13400 0.000002301354123
13400 0.000002301354123
13410 0.000002297536291
13410 0.000002297536291
13420 0.000002293686237
13420 0.000002293686237
13430 0.000002289900489
13430 0.000002289900489
13440 0.000002286063012
13440 0.000002286063012
13450 0.000002282268025
13450 0.000002282268025
13460 0.000002278463921
13460 0.000002278463921
13470 0.000002274608031
13470 0.000002274608031
13480 0.000002270875287
13480 0.000002270875287
13490 0.000002267136357
13490 0.000002267136357
13500 0.000002263275760
13500 0.000002263275760
13510 0.000002259534114
13510 0.000002259534114
13520 0.000002255811294
13520 0.000002255811294
13530 0.000002252135679
13530 0.000002252135679
13540 0.000002248280327
13540 0.000002248280327
13550 0.000002244585430
13550 0.000002244585430
13560 0.000002240885757
13560 0.000002240885757
13570 0.000002237126489
13570 0.000002237126489
13580 0.000002233410936
13580 0.000002233410936
13590 0.000002229772507
13590 0.000002229772507
13600 0.000002226037894
13600 0.000002226037894
13610 0.000002222375659
13610 0.000002222375659
13620 0.000002218683907
13620 0.000002218683907
13630 0.000002215042642
13630 0.000002215042642
13640 0.000002211393427
13640 0.000002211393427
13650 0.000002207709374
13650 0.000002207709374
13660 0.000002204036897
13660 0.000002204036897
13670 0.000002200435169
13670 0.000002200435169
13680 0.000002196897167
13680 0.000002196897167
13690 0.000002193284428
13690 0.000002193284428
13700 0.000002189503112
13700 0.000002189503112
13710 0.000002185943091
13710 0.000002185943091
13720 0.000002182432949
13720 0.000002182432949
13730 0.000002178801188
13730 0.000002178801188
13740 0.000002175180659
13740 0.000002175180659
13750 0.000002171636296
13750 0.000002171636296
13760 0.000002168006250
13760 0.000002168006250
13770 0.000002164495028
13770 0.000002164495028
13780 0.000002160942668
13780 0.000002160942668
13790 0.000002157395549
13790 0.000002157395549
13800 0.000002153884011
13800 0.000002153884011
13810 0.000002150393948
13810 0.000002150393948
13820 0.000002146891748
13820 0.000002146891748
13830 0.000002143333571
13830 0.000002143333571
13840 0.000002139852368
13840 0.000002139852368
13850 0.000002136322224
13850 0.000002136322224
13860 0.000002132832192
13860 0.000002132832192
13870 0.000002129382310
13870 0.000002129382310
13880 0.000002125858564
13880 0.000002125858564
13890 0.000002122391269
13890 0.000002122391269
13900 0.000002118922603
13900 0.000002118922603
13910 0.000002115511084
13910 0.000002115511084
13920 0.000002112038904
13920 0.000002112038904
13930 0.000002108527534
13930 0.000002108527534
13940 0.000002105162516
13940 0.000002105162516
13950 0.000002101758834
13950 0.000002101758834
13960 0.000002098280320
13960 0.000002098280320
13970 0.000002094882895
13970 0.000002094882895
13980 0.000002091497359
13980 0.000002091497359
13990 0.000002088059287
13990 0.000002088059287
14000 0.000002084716429
14000 0.000002084716429
14010 0.000002081361352
14010 0.000002081361352
14020 0.000002077945686
14020 0.000002077945686
14030 0.000002074602422
14030 0.000002074602422
14040 0.000002071256168
14040 0.000002071256168
14050 0.000002067764535
14050 0.000002067764535
14060 0.000002064514702
14060 0.000002064514702
14070 0.000002061173065
14070 0.000002061173065
14080 0.000002057856609
14080 0.000002057856609
14090 0.000002054529596
14090 0.000002054529596
14100 0.000002051252620
14100 0.000002051252620
14110 0.000002047906706
14110 0.000002047906706
14120 0.000002044655309
14120 0.000002044655309
14130 0.000002041255516
14130 0.000002041255516
14140 0.000002037936541
14140 0.000002037936541
14150 0.000002034685592
14150 0.000002034685592
14160 0.000002031399473
14160 0.000002031399473
14170 0.000002028120115
14170 0.000002028120115
14180 0.000002024895386
14180 0.000002024895386
14190 0.000002021696511
14190 0.000002021696511
14200 0.000002018332277
14200 0.000002018332277
14210 0.000002015106489
14210 0.000002015106489
14220 0.000002011850069
14220 0.000002011850069
14230 0.000002008595545
14230 0.000002008595545
14240 0.000002005502296
14240 0.000002005502296
14250 0.000002002202718
14250 0.000002002202718
14260 0.000001999037813
14260 0.000001999037813
14270 0.000001995738754
14270 0.000001995738754
14280 0.000001992536892
14280 0.000001992536892
14290 0.000001989359138
14290 0.000001989359138
14300 0.000001986210577
14300 0.000001986210577
14310 0.000001982992854
14310 0.000001982992854
14320 0.000001979855443
14320 0.000001979855443
14330 0.000001976677184
14330 0.000001976677184
14340 0.000001973505904
14340 0.000001973505904
14350 0.000001970394736
14350 0.000001970394736
14360 0.000001967209701
14360 0.000001967209701
14370 0.000001964078853
14370 0.000001964078853
14380 0.000001960996034
14380 0.000001960996034
14390 0.000001957829023
14390 0.000001957829023
14400 0.000001954742677
14400 0.000001954742677
14410 0.000001951610491
14410 0.000001951610491
14420 0.000001948498750
14420 0.000001948498750
14430 0.000001945417288
14430 0.000001945417288
14440 0.000001942312995
14440 0.000001942312995
14450 0.000001939210947
14450 0.000001939210947
14460 0.000001936122577
14460 0.000001936122577
14470 0.000001933051309
14470 0.000001933051309
14480 0.000001930050902
14480 0.000001930050902
14490 0.000001926930346
14490 0.000001926930346
14500 0.000001923849931
14500 0.000001923849931
14510 0.000001920768474
14510 0.000001920768474
14520 0.000001917798434
14520 0.000001917798434
14530 0.000001914709876
14530 0.000001914709876
14540 0.000001911672267
14540 0.000001911672267
14550 0.000001908641820
14550 0.000001908641820
14560 0.000001905599500
14560 0.000001905599500
14570 0.000001902666379
14570 0.000001902666379
14580 0.000001899638245
14580 0.000001899638245
14590 0.000001896580169
14590 0.000001896580169
14600 0.000001893644440
14600 0.000001893644440
14610 0.000001890608773
14610 0.000001890608773
14620 0.000001887654886
14620 0.000001887654886
14630 0.000001884654009
14630 0.000001884654009
14640 0.000001881634675
14640 0.000001881634675
14650 0.000001878716319
14650 0.000001878716319
14660 0.000001875700653
14660 0.000001875700653
14670 0.000001872723573
14670 0.000001872723573
14680 0.000001869865375
14680 0.000001869865375
14690 0.000001866868246
14690 0.000001866868246
14700 0.000001863954312
14700 0.000001863954312
14710 0.000001861034318
14710 0.000001861034318
14720 0.000001858142212
14720 0.000001858142212
14730 0.000001855199822
14730 0.000001855199822
14740 0.000001852308276
14740 0.000001852308276
14750 0.000001849430387
14750 0.000001849430387
14760 0.000001846437022
14760 0.000001846437022
14770 0.000001843557137
14770 0.000001843557137
14780 0.000001840633103
14780 0.000001840633103
14790 0.000001837762228
14790 0.000001837762228
14800 0.000001834856169
14800 0.000001834856169
14810 0.000001832066239
14810 0.000001832066239
14820 0.000001829162885
14820 0.000001829162885
14830 0.000001826288436
14830 0.000001826288436
14840 0.000001823454116
14840 0.000001823454116
14850 0.000001820607375
14850 0.000001820607375
14860 0.000001817744107
14860 0.000001817744107
14870 0.000001814939035
14870 0.000001814939035
14880 0.000001812099626
14880 0.000001812099626
14890 0.000001809277941
14890 0.000001809277941
14900 0.000001806449206
14900 0.000001806449206
14910 0.000001803593249
14910 0.000001803593249
14920 0.000001800766936
14920 0.000001800766936
14930 0.000001797950527
14930 0.000001797950527
14940 0.000001795204081
14940 0.000001795204081
14950 0.000001792430718
14950 0.000001792430718
14960 0.000001789602908
14960 0.000001789602908
14970 0.000001786906160
14970 0.000001786906160
14980 0.000001784056302
14980 0.000001784056302
14990 0.000001781239435
14990 0.000001781239435
15000 0.000001778570509
15000 0.000001778570509
15010 0.000001775709361
15010 0.000001775709361
15020 0.000001772973078
15020 0.000001772973078
15030 0.000001770310294
15030 0.000001770310294
15040 0.000001767459484
15040 0.000001767459484
15050 0.000001764781190
15050 0.000001764781190
15060 0.000001762033732
15060 0.000001762033732
15070 0.000001759338158
15070 0.000001759338158
15080 0.000001756615662
15080 0.000001756615662
15090 0.000001753863554
15090 0.000001753863554
15100 0.000001751174304
15100 0.000001751174304
15110 0.000001748464139
15110 0.000001748464139
15120 0.000001745729565
15120 0.000001745729565
15130 0.000001743058414
15130 0.000001743058414
15140 0.000001740403430
15140 0.000001740403430
15150 0.000001737655175
15150 0.000001737655175
15160 0.000001735004897
15160 0.000001735004897
15170 0.000001732287605
15170 0.000001732287605
15180 0.000001729643738
15180 0.000001729643738
15190 0.000001726982191
15190 0.000001726982191
15200 0.000001724316350
15200 0.000001724316350
15210 0.000001721701315
15210 0.000001721701315
15220 0.000001718959095
15220 0.000001718959095
15230 0.000001716375559
15230 0.000001716375559
15240 0.000001713746900
15240 0.000001713746900
15250 0.000001711074398
15250 0.000001711074398
15260 0.000001708480452
15260 0.000001708480452
15270 0.000001705815868
15270 0.000001705815868
15280 0.000001703251724
15280 0.000001703251724
15290 0.000001700568838
15290 0.000001700568838
15300 0.000001697979010
15300 0.000001697979010
15310 0.000001695410124
15310 0.000001695410124
15320 0.000001692786359
15320 0.000001692786359
15330 0.000001690217087
15330 0.000001690217087
15340 0.000001687633652
15340 0.000001687633652
15350 0.000001685066159
15350 0.000001685066159
15360 0.000001682497430
15360 0.000001682497430
15370 0.000001679910094
15370 0.000001679910094
15380 0.000001677329345
15380 0.000001677329345
15390 0.000001674737049
15390 0.000001674737049
15400 0.000001672183283
15400 0.000001672183283
15410 0.000001669575376
15410 0.000001669575376
15420 0.000001667079653
15420 0.000001667079653
15430 0.000001664552280
15430 0.000001664552280
15440 0.000001661999799
15440 0.000001661999799
15450 0.000001659430634
15450 0.000001659430634
15460 0.000001656924532
15460 0.000001656924532
15470 0.000001654376374
15470 0.000001654376374
15480 0.000001651921662
15480 0.000001651921662
15490 0.000001649344772
15490 0.000001649344772
15500 0.000001646830840
15500 0.000001646830840
15510 0.000001644293356
15510 0.000001644293356
15520 0.000001641846469
15520 0.000001641846469
15530 0.000001639275996
15530 0.000001639275996
15540 0.000001636847911
15540 0.000001636847911
15550 0.000001634363330
15550 0.000001634363330
15560 0.000001631948387
15560 0.000001631948387
15570 0.000001629463539
15570 0.000001629463539
15580 0.000001626990124
15580 0.000001626990124
15590 0.000001624502068
15590 0.000001624502068
15600 0.000001622023613
15600 0.000001622023613
15610 0.000001619553382
15610 0.000001619553382
15620 0.000001617089496
15620 0.000001617089496
15630 0.000001614702894
15630 0.000001614702894
15640 0.000001612238014
15640 0.000001612238014
15650 0.000001609769973
15650 0.000001609769973
15660 0.000001607406594
15660 0.000001607406594
15670 0.000001604967241
15670 0.000001604967241
15680 0.000001602542739
15680 0.000001602542739
15690 0.000001600115570
15690 0.000001600115570
15700 0.000001597669304
15700 0.000001597669304
15710 0.000001595258573
15710 0.000001595258573
15720 0.000001592839855
15720 0.000001592839855
15730 0.000001590451570
15730 0.000001590451570
15740 0.000001588075253
15740 0.000001588075253
15750 0.000001585631434
15750 0.000001585631434
15760 0.000001583271088
15760 0.000001583271088
15770 0.000001580896069
15770 0.000001580896069
15780 0.000001578498959
15780 0.000001578498959
15790 0.000001576143956
15790 0.000001576143956
15800 0.000001573720989
15800 0.000001573720989
15810 0.000001571375933
15810 0.000001571375933
15820 0.000001569026290
15820 0.000001569026290
15830 0.000001566684845
15830 0.000001566684845
15840 0.000001564315820
15840 0.000001564315820
15850 0.000001561945557
15850 0.000001561945557
15860 0.000001559627321
15860 0.000001559627321
15870 0.000001557270823
15870 0.000001557270823
15880 0.000001554975702
15880 0.000001554975702
15890 0.000001552645544
15890 0.000001552645544
15900 0.000001550330044
15900 0.000001550330044
15910 0.000001547973073
15910 0.000001547973073
15920 0.000001545646636
15920 0.000001545646636
15930 0.000001543300662
15930 0.000001543300662
15940 0.000001541044045
15940 0.000001541044045
15950 0.000001538730377
15950 0.000001538730377
15960 0.000001536431188
15960 0.000001536431188
15970 0.000001534117363
15970 0.000001534117363
15980 0.000001531894901
15980 0.000001531894901
15990 0.000001529527915
15990 0.000001529527915
16000 0.000001527291486
16000 0.000001527291486
16010 0.000001524994976
16010 0.000001524994976
16020 0.000001522709207
16020 0.000001522709207
16030 0.000001520444144
16030 0.000001520444144
16040 0.000001518199732
16040 0.000001518199732
16050 0.000001515914209
16050 0.000001515914209
16060 0.000001513625896
16060 0.000001513625896
16070 0.000001511371891
16070 0.000001511371891
16080 0.000001509161407
16080 0.000001509161407
16090 0.000001506899892
16090 0.000001506899892
16100 0.000001504670803
16100 0.000001504670803
16110 0.000001502408814
16110 0.000001502408814
16120 0.000001500255400
16120 0.000001500255400
16130 0.000001497978671
16130 0.000001497978671
16140 0.000001495785042
16140 0.000001495785042
16150 0.000001493519011
16150 0.000001493519011
16160 0.000001491283177
16160 0.000001491283177
16170 0.000001489100067
16170 0.000001489100067
16180 0.000001486894999
16180 0.000001486894999
16190 0.000001484696836
16190 0.000001484696836
16200 0.000001482510072
16200 0.000001482510072
16210 0.000001480313808
16210 0.000001480313808
16220 0.000001478097384
16220 0.000001478097384
16230 0.000001475918838
16230 0.000001475918838
16240 0.000001473793075
16240 0.000001473793075
16250 0.000001471604310
16250 0.000001471604310
16260 0.000001469453711
16260 0.000001469453711
16270 0.000001467208027
16270 0.000001467208027
16280 0.000001465026038
16280 0.000001465026038
16290 0.000001462948547
16290 0.000001462948547
16300 0.000001460774851
16300 0.000001460774851
16310 0.000001458582940
16310 0.000001458582940
16320 0.000001456372293
16320 0.000001456372293
16330 0.000001454316865
16330 0.000001454316865
16340 0.000001452110718
16340 0.000001452110718
16350 0.000001449942265
16350 0.000001449942265
16360 0.000001447793247
16360 0.000001447793247
16370 0.000001445743410
16370 0.000001445743410
16380 0.000001443572764
16380 0.000001443572764
16390 0.000001441490287
16390 0.000001441490287
16400 0.000001439341279
16400 0.000001439341279
16410 0.000001437265590
16410 0.000001437265590
16420 0.000001435122786
16420 0.000001435122786
16430 0.000001433048476
16430 0.000001433048476
16440 0.000001430910435
16440 0.000001430910435
16450 0.000001428797216
16450 0.000001428797216
16460 0.000001426718639
16460 0.000001426718639
16470 0.000001424632141
16470 0.000001424632141
16480 0.000001422525547
16480 0.000001422525547
16490 0.000001420439832
16490 0.000001420439832
16500 0.000001418382646
16500 0.000001418382646
16510 0.000001416331711
16510 0.000001416331711
16520 0.000001414221284
16520 0.000001414221284
16530 0.000001412145992
16530 0.000001412145992
16540 0.000001410048360
16540 0.000001410048360
16550 0.000001408012812
16550 0.000001408012812
16560 0.000001405984288
16560 0.000001405984288
16570 0.000001403917932
16570 0.000001403917932
16580 0.000001401877710
16580 0.000001401877710
16590 0.000001399803273
16590 0.000001399803273
16600 0.000001397787576
16600 0.000001397787576
16610 0.000001395758729
16610 0.000001395758729
16620 0.000001393693568
16620 0.000001393693568
16630 0.000001391639104
16630 0.000001391639104
16640 0.000001389657836
16640 0.000001389657836
16650 0.000001387552771
16650 0.000001387552771
16660 0.000001385648151
16660 0.000001385648151
16670 0.000001383583075
16670 0.000001383583075
16680 0.000001381581870
16680 0.000001381581870
16690 0.000001379571119
16690 0.000001379571119
16700 0.000001377548068
16700 0.000001377548068
16710 0.000001375563703
16710 0.000001375563703
16720 0.000001373536437
16720 0.000001373536437
16730 0.000001371533232
16730 0.000001371533232
16740 0.000001369507342
16740 0.000001369507342
16750 0.000001367560611
16750 0.000001367560611
16760 0.000001365563793
16760 0.000001365563793
16770 0.000001363667529
16770 0.000001363667529
16780 0.000001361609445
16780 0.000001361609445
16790 0.000001359604100
16790 0.000001359604100
16800 0.000001357655148
16800 0.000001357655148
16810 0.000001355730343
16810 0.000001355730343
16820 0.000001353784570
16820 0.000001353784570
16830 0.000001351779535
16830 0.000001351779535
16840 0.000001349779886
16840 0.000001349779886
16850 0.000001347878855
16850 0.000001347878855
16860 0.000001345964655
16860 0.000001345964655
16870 0.000001343932827
16870 0.000001343932827
16880 0.000001342003535
16880 0.000001342003535
16890 0.000001340094377
16890 0.000001340094377
16900 0.000001338178644
16900 0.000001338178644
16910 0.000001336215647
16910 0.000001336215647
16920 0.000001334319820
16920 0.000001334319820
16930 0.000001332357913
16930 0.000001332357913
16940 0.000001330466648
16940 0.000001330466648
16950 0.000001328547031
16950 0.000001328547031
16960 0.000001326602925
16960 0.000001326602925
16970 0.000001324741698
16970 0.000001324741698
16980 0.000001322857487
16980 0.000001322857487
16990 0.000001320884662
16990 0.000001320884662
17000 0.000001319022977
17000 0.000001319022977
17010 0.000001317111729
17010 0.000001317111729
17020 0.000001315210451
17020 0.000001315210451
17030 0.000001313313623
17030 0.000001313313623
17040 0.000001311425123
17040 0.000001311425123
17050 0.000001309590153
17050 0.000001309590153
17060 0.000001307692499
17060 0.000001307692499
17070 0.000001305768425
17070 0.000001305768425
17080 0.000001303878782
17080 0.000001303878782
17090 0.000001302000902
17090 0.000001302000902
17100 0.000001300099651
17100 0.000001300099651
17110 0.000001298310844
17110 0.000001298310844
17120 0.000001296430272
17120 0.000001296430272
17130 0.000001294610242
17130 0.000001294610242
17140 0.000001292715726
17140 0.000001292715726
17150 0.000001290862326
17150 0.000001290862326
17160 0.000001289021273
17160 0.000001289021273
17170 0.000001287116758
17170 0.000001287116758
17180 0.000001285371070
17180 0.000001285371070
17190 0.000001283474732
17190 0.000001283474732
17200 0.000001281646748
17200 0.000001281646748
17210 0.000001279782813
17210 0.000001279782813
17220 0.000001277960617
17220 0.000001277960617
17230 0.000001276164043
17230 0.000001276164043
17240 0.000001274335356
17240 0.000001274335356
17250 0.000001272505562
17250 0.000001272505562
17260 0.000001270710042
17260 0.000001270710042
17270 0.000001268919280
17270 0.000001268919280
17280 0.000001267118606
17280 0.000001267118606
17290 0.000001265303326
17290 0.000001265303326
17300 0.000001263529625
17300 0.000001263529625
17310 0.000001261696375
17310 0.000001261696375
17320 0.000001259906228
17320 0.000001259906228
17330 0.000001258090833
17330 0.000001258090833
17340 0.000001256291878
17340 0.000001256291878
17350 0.000001254476132
17350 0.000001254476132
17360 0.000001252759105
17360 0.000001252759105
17370 0.000001250960878
17370 0.000001250960878
17380 0.000001249187160
17380 0.000001249187160
17390 0.000001247415526
17390 0.000001247415526
17400 0.000001245589409
17400 0.000001245589409
17410 0.000001243881757
17410 0.000001243881757
17420 0.000001242078993
17420 0.000001242078993
17430 0.000001240355400
17430 0.000001240355400
17440 0.000001238549235
17440 0.000001238549235
17450 0.000001236793413
17450 0.000001236793413
17460 0.000001235099525
17460 0.000001235099525
17470 0.000001233322350
17470 0.000001233322350
17480 0.000001231581408
17480 0.000001231581408
17490 0.000001229860484
17490 0.000001229860484
17500 0.000001228084159
17500 0.000001228084159
17510 0.000001226338764
17510 0.000001226338764
17520 0.000001224633407
17520 0.000001224633407
17530 0.000001222899760
17530 0.000001222899760
17540 0.000001221154829
17540 0.000001221154829
17550 0.000001219470341
17550 0.000001219470341
17560 0.000001217730683
17560 0.000001217730683
17570 0.000001215972597
17570 0.000001215972597
17580 0.000001214247910
17580 0.000001214247910
17590 0.000001212530467
17590 0.000001212530467
17600 0.000001210831923
17600 0.000001210831923
17610 0.000001209097900
17610 0.000001209097900
17620 0.000001207405866
17620 0.000001207405866
17630 0.000001205755726
17630 0.000001205755726
17640 0.000001204026401
17640 0.000001204026401
17650 0.000001202340447
17650 0.000001202340447
17660 0.000001200602043
17660 0.000001200602043
17670 0.000001198973109
17670 0.000001198973109
17680 0.000001197253935
17680 0.000001197253935
17690 0.000001195571728
17690 0.000001195571728
17700 0.000001193909759
17700 0.000001193909759
17710 0.000001192229414
17710 0.000001192229414
17720 0.000001190537179
17720 0.000001190537179
17730 0.000001188860140
17730 0.000001188860140
17740 0.000001187192551
17740 0.000001187192551
17750 0.000001185511972
17750 0.000001185511972
17760 0.000001183826573
17760 0.000001183826573
17770 0.000001182202988
17770 0.000001182202988
17780 0.000001180556149
17780 0.000001180556149
17790 0.000001178892751
17790 0.000001178892751
17800 0.000001177240560
17800 0.000001177240560
17810 0.000001175602666
17810 0.000001175602666
17820 0.000001173916525
17820 0.000001173916525
17830 0.000001172247098
17830 0.000001172247098
17840 0.000001170610273
17840 0.000001170610273
17850 0.000001168996298
17850 0.000001168996298
17860 0.000001167359752
17860 0.000001167359752
17870 0.000001165721833
17870 0.000001165721833
17880 0.000001164114137
17880 0.000001164114137
17890 0.000001162523120
17890 0.000001162523120
17900 0.000001160857947
17900 0.000001160857947
17910 0.000001159230881
17910 0.000001159230881
17920 0.000001157630990
17920 0.000001157630990
17930 0.000001155973754
17930 0.000001155973754
17940 0.000001154394988
17940 0.000001154394988
17950 0.000001152789807
17950 0.000001152789807
17960 0.000001151170668
17960 0.000001151170668
17970 0.000001149590681
17970 0.000001149590681
17980 0.000001147937734
17980 0.000001147937734
17990 0.000001146350705
17990 0.000001146350705
18000 0.000001144747252
18000 0.000001144747252
18010 0.000001143166003
18010 0.000001143166003
18020 0.000001141560519
18020 0.000001141560519
18030 0.000001139953358
18030 0.000001139953358
18040 0.000001138389706
18040 0.000001138389706
18050 0.000001136819993
18050 0.000001136819993
18060 0.000001135220700
18060 0.000001135220700
18070 0.000001133608076
18070 0.000001133608076
18080 0.000001132089028
18080 0.000001132089028
18090 0.000001130515704
18090 0.000001130515704
18100 0.000001128939359
18100 0.000001128939359
18110 0.000001127334399
18110 0.000001127334399
18120 0.000001125762341
18120 0.000001125762341
18130 0.000001124223434
18130 0.000001124223434
18140 0.000001122683283
18140 0.000001122683283
18150 0.000001121106015
18150 0.000001121106015
18160 0.000001119532638
18160 0.000001119532638
18170 0.000001118026315
18170 0.000001118026315
18180 0.000001116465048
18180 0.000001116465048
18190 0.000001114895286
18190 0.000001114895286
18200 0.000001113422223
18200 0.000001113422223
18210 0.000001111827676
18210 0.000001111827676
18220 0.000001110249830
18220 0.000001110249830
18230 0.000001108738362
18230 0.000001108738362
18240 0.000001107224182
18240 0.000001107224182
18250 0.000001105716184
18250 0.000001105716184
18260 0.000001104182950
18260 0.000001104182950
18270 0.000001102624136
18270 0.000001102624136
18280 0.000001101131730
18280 0.000001101131730
18290 0.000001099555555
18290 0.000001099555555
18300 0.000001098073961
18300 0.000001098073961
18310 0.000001096538390
18310 0.000001096538390
18320 0.000001095023837
18320 0.000001095023837
18330 0.000001093551702
18330 0.000001093551702
18340 0.000001092023141
18340 0.000001092023141
18350 0.000001090511893
18350 0.000001090511893
18360 0.000001088987528
18360 0.000001088987528
18370 0.000001087508882
18370 0.000001087508882
18380 0.000001086014621
18380 0.000001086014621
18390 0.000001084525839
18390 0.000001084525839
18400 0.000001083023966
18400 0.000001083023966
18410 0.000001081544047
18410 0.000001081544047
18420 0.000001080038738
18420 0.000001080038738
18430 0.000001078594598
18430 0.000001078594598
18440 0.000001077048117
18440 0.000001077048117
18450 0.000001075605019
18450 0.000001075605019
18460 0.000001074119632
18460 0.000001074119632
18470 0.000001072634503
18470 0.000001072634503
18480 0.000001071174029
18480 0.000001071174029
18490 0.000001069682204
18490 0.000001069682204
18500 0.000001068201689
18500 0.000001068201689
18510 0.000001066735894
18510 0.000001066735894
18520 0.000001065276626
18520 0.000001065276626
18530 0.000001063822775
18530 0.000001063822775
18540 0.000001062402773
18540 0.000001062402773
18550 0.000001060906201
18550 0.000001060906201
18560 0.000001059464352
18560 0.000001059464352
18570 0.000001057989525
18570 0.000001057989525
18580 0.000001056567333
18580 0.000001056567333
18590 0.000001055124778
18590 0.000001055124778
18600 0.000001053640982
18600 0.000001053640982
18610 0.000001052232047
18610 0.000001052232047
18620 0.000001050828499
18620 0.000001050828499
18630 0.000001049386440
18630 0.000001049386440
18640 0.000001047897859
18640 0.000001047897859
18650 0.000001046519657
18650 0.000001046519657
18660 0.000001045029455
18660 0.000001045029455
18670 0.000001043614793
18670 0.000001043614793
18680 0.000001042238101
18680 0.000001042238101
18690 0.000001040766986
18690 0.000001040766986
18700 0.000001039373958
18700 0.000001039373958
18710 0.000001037928086
18710 0.000001037928086
18720 0.000001036531613
18720 0.000001036531613
18730 0.000001035112075
18730 0.000001035112075
18740 0.000001033752853
18740 0.000001033752853
18750 0.000001032310228
18750 0.000001032310228
18760 0.000001030862553
18760 0.000001030862553
18770 0.000001029482197
18770 0.000001029482197
18780 0.000001028046698
18780 0.000001028046698
18790 0.000001026696892
18790 0.000001026696892
18800 0.000001025294554
18800 0.000001025294554
18810 0.000001023903947
18810 0.000001023903947
18820 0.000001022488830
18820 0.000001022488830
18830 0.000001021093937
18830 0.000001021093937
18840 0.000001019725419
18840 0.000001019725419
18850 0.000001018303249
18850 0.000001018303249
18860 0.000001016970609
18860 0.000001016970609
18870 0.000001015558334
18870 0.000001015558334
18880 0.000001014190803
18880 0.000001014190803
18890 0.000001012793487
18890 0.000001012793487
18900 0.000001011478758
18900 0.000001011478758
18910 0.000001010064060
18910 0.000001010064060
18920 0.000001008709721
18920 0.000001008709721
18930 0.000001007319729
18930 0.000001007319729
18940 0.000001005928959
18940 0.000001005928959
18950 0.000001004611003
18950 0.000001004611003
18960 0.000001003226630
18960 0.000001003226630
18970 0.000001001882679
18970 0.000001001882679
18980 0.000001000502559
18980 0.000001000502559
