#Convergence for sin300 using SOR
10 2.215136175360560
10 2.215136175360560
20 1.366013054741026
20 1.366013054741026
30 0.872108457762725
30 0.872108457762725
40 0.567758833174030
40 0.567758833174030
50 0.374220122925295
50 0.374220122925295
60 0.248803628326789
60 0.248803628326789
70 0.166550148457532
70 0.166550148457532
80 0.112154975757815
80 0.112154975757815
90 0.075943895103206
90 0.075943895103206
100 0.051698312462290
100 0.051698312462290
110 0.035376267214418
110 0.035376267214418
120 0.024330495519141
120 0.024330495519141
130 0.016817067671180
130 0.016817067671180
140 0.011678306254462
140 0.011678306254462
150 0.008146083747457
150 0.008146083747457
160 0.005704611408991
160 0.005704611408991
170 0.004009755081558
170 0.004009755081558
180 0.002826550810756
180 0.002826550810756
190 0.001998102371712
190 0.001998102371712
200 0.001415330059656
200 0.001415330059656
210 0.001004430545341
210 0.001004430545341
220 0.000714131646414
220 0.000714131646414
230 0.000508567027880
230 0.000508567027880
240 0.000363217761799
240 0.000363217761799
250 0.000260419380101
250 0.000260419380101
260 0.000187466834611
260 0.000187466834611
270 0.000135889184484
270 0.000135889184484
280 0.000099216223298
280 0.000099216223298
290 0.000072993840208
290 0.000072993840208
300 0.000054713807476
300 0.000054713807476
310 0.000040593776715
310 0.000040593776715
320 0.000030654083112
320 0.000030654083112
330 0.000023657970920
330 0.000023657970920
340 0.000018258700627
340 0.000018258700627
350 0.000013994341061
350 0.000013994341061
360 0.000010616072029
360 0.000010616072029
370 0.000007944883205
370 0.000007944883205
380 0.000005925408345
380 0.000005925408345
390 0.000004416023836
390 0.000004416023836
400 0.000003289644481
400 0.000003289644481
410 0.000002438845199
410 0.000002438845199
420 0.000001806329873
420 0.000001806329873
430 0.000001328908689
430 0.000001328908689
440 0.000000970707949
440 0.000000970707949
450 0.000000709533351
450 0.000000709533351
460 0.000000513079675
460 0.000000513079675
470 0.000000371836786
470 0.000000371836786
480 0.000000265654703
480 0.000000265654703
490 0.000000190126957
490 0.000000190126957
500 0.000000136326317
500 0.000000136326317
510 0.000000098118218
510 0.000000098118218
520 0.000000069334814
520 0.000000069334814
530 0.000000049921756
530 0.000000049921756
540 0.000000035300171
540 0.000000035300171
550 0.000000024953546
550 0.000000024953546
560 0.000000017488904
560 0.000000017488904
570 0.000000012094452
570 0.000000012094452
580 0.000000008710807
580 0.000000008710807
590 0.000000007102305
590 0.000000007102305
600 0.000000004820027
600 0.000000004820027
610 0.000000003487150
610 0.000000003487150
620 0.000000003091300
620 0.000000003091300

